1.050000000000000044e+00 1.405893700000000024e+00 1.584311900000000070e-09
1.050600600600600565e+00 1.405888393993994123e+00 2.563630245345249391e-09
1.051201201201201307e+00 1.405883387987987954e+00 2.147823997599593254e-08
1.051801801801801828e+00 1.405878692792792650e+00 1.953091827928186536e-08
1.052402402402402348e+00 1.405873875975975906e+00 3.690718612312623348e-09
1.053003003003003091e+00 1.405868874474474506e+00 1.614134179579549365e-09
1.053603603603603611e+00 1.405863871171171064e+00 1.576392609009008692e-09
1.054204204204204354e+00 1.405859045945945907e+00 1.578584297897898387e-09
1.054804804804804874e+00 1.405854181081081178e+00 1.580743997597598146e-09
1.055405405405405395e+00 1.405849356756756707e+00 1.582905278378378512e-09
1.056006006006006137e+00 1.405844551351351335e+00 1.585067850150150574e-09
1.056606606606606658e+00 1.405839686486486384e+00 1.587282865165165599e-09
1.057207207207207178e+00 1.405834842342342350e+00 1.589481262162162237e-09
1.057807807807807920e+00 1.405830037537537436e+00 1.591648109009009333e-09
1.058408408408408441e+00 1.405825232732732744e+00 1.593885487987988143e-09
1.059009009009008961e+00 1.405820427027026920e+00 1.596155336036036065e-09
1.059609609609609704e+00 1.405815562162162191e+00 1.598377738438438802e-09
1.060210210210210224e+00 1.405810718318318386e+00 1.600618765465465470e-09
1.060810810810810745e+00 1.405805913513513472e+00 1.602894381081080914e-09
1.061411411411411487e+00 1.405801067567567619e+00 1.605171765765766024e-09
1.062012012012012008e+00 1.405796203903903807e+00 1.607450016816816634e-09
1.062612612612612750e+00 1.405791399099099115e+00 1.609730857657658275e-09
1.063213213213213271e+00 1.405786572972973048e+00 1.612030631831832184e-09
1.063813813813813791e+00 1.405781708108108097e+00 1.614364806006005685e-09
1.064414414414414534e+00 1.405776884684684536e+00 1.616700886486486909e-09
1.065015015015015054e+00 1.405772079879879843e+00 1.619039162762762986e-09
1.065615615615615575e+00 1.405767275075074929e+00 1.621429673273273038e-09
1.066216216216216317e+00 1.405762416216216115e+00 1.623839221621621921e-09
1.066816816816816837e+00 1.405757865465465439e+00 2.427418984985364079e-09
1.067417417417417358e+00 1.405752943243243402e+00 1.119185974474546025e-08
1.068018018018018100e+00 1.405748091891891871e+00 7.481140929729271110e-09
1.068618618618618621e+00 1.405743651051051035e+00 1.825561493994074955e-09
1.069219219219219363e+00 1.405738902402402291e+00 1.635908369369370081e-09
1.069819819819819884e+00 1.405733977477477525e+00 1.638361162162162144e-09
1.070420420420420404e+00 1.405729279579579716e+00 1.640855946546546181e-09
1.071021021021021147e+00 1.405724678978979014e+00 1.643368727327327547e-09
1.071621621621621667e+00 1.405720078378378313e+00 1.645881508108108085e-09
1.072222222222222188e+00 1.405715477777777833e+00 1.648394288888888623e-09
1.072822822822822930e+00 1.405710877177177132e+00 1.650907069669669988e-09
1.073423423423423451e+00 1.405706276576576430e+00 1.653419850450450527e-09
1.074024024024023971e+00 1.405701675975975951e+00 1.655932631231231065e-09
1.074624624624624714e+00 1.405697075375375249e+00 1.658445412012012430e-09
1.075225225225225234e+00 1.405692470270270222e+00 1.660983107207207454e-09
1.075825825825825977e+00 1.405687857657657469e+00 1.663562326426427170e-09
1.076426426426426497e+00 1.405683245045044938e+00 1.666141545645645853e-09
1.077027027027027017e+00 1.405678632432432407e+00 1.668720764864864743e-09
1.077627627627627760e+00 1.405674019819819653e+00 1.671299984084084460e-09
1.078228228228228280e+00 1.405669407207207122e+00 1.673879203303303349e-09
1.078828828828828801e+00 1.405664794594594591e+00 1.676458422522522032e-09
1.079429429429429543e+00 1.405660181981981838e+00 1.679037641741741955e-09
1.080030030030030064e+00 1.405655569969969765e+00 1.681615142642642388e-09
1.080630630630630584e+00 1.405650969369369285e+00 1.684159995495494817e-09
1.081231231231231327e+00 1.405646368768768584e+00 1.686704848348348279e-09
1.081831831831831847e+00 1.405641768168168104e+00 1.689249701201200915e-09
1.082432432432432368e+00 1.405637167567567403e+00 1.691794554054053344e-09
1.083033033033033110e+00 1.405632566966966923e+00 1.694339406906906807e-09
1.083633633633633631e+00 1.405627966366366222e+00 1.696884259759759443e-09
1.084234234234234373e+00 1.405623365765765742e+00 1.699429112612612906e-09
1.084834834834834894e+00 1.405618765165165041e+00 1.701973965465465335e-09
1.085435435435435414e+00 1.405614164564564561e+00 1.704518818318317764e-09
1.086036036036036156e+00 1.405609563963963859e+00 1.707063671171171227e-09
1.086636636636636677e+00 1.405604963363363380e+00 1.709608524024023863e-09
1.087237237237237197e+00 1.405600362762762678e+00 1.712153376876876292e-09
1.087837837837837940e+00 1.405595762162162199e+00 1.714698229729729755e-09
1.088438438438438460e+00 1.405591161561561497e+00 1.717243082582582390e-09
1.089039039039038981e+00 1.405586560960961018e+00 1.719787935435434819e-09
1.089639639639639723e+00 1.405581960360360316e+00 1.722332788288288282e-09
1.090240240240240244e+00 1.405577357357357338e+00 1.724780103603603389e-09
1.090840840840840986e+00 1.405572750750750721e+00 1.727081112612612926e-09
1.091441441441441507e+00 1.405568144144144105e+00 1.729382121621621636e-09
1.092042042042042027e+00 1.405563537537537488e+00 1.731683130630630345e-09
1.092642642642642770e+00 1.405558930930930872e+00 1.733984139639639882e-09
1.093243243243243290e+00 1.405554324324324478e+00 1.736285148648648592e-09
1.093843843843843811e+00 1.405549717717717861e+00 1.738586157657657095e-09
1.094444444444444553e+00 1.405545111111111245e+00 1.740887166666666838e-09
1.095045045045045073e+00 1.405540504504504629e+00 1.743188175675675548e-09
1.095645645645645594e+00 1.405535897897898012e+00 1.745489184684684051e-09
1.096246246246246336e+00 1.405531291291291396e+00 1.747790193693693795e-09
1.096846846846846857e+00 1.405526684684684779e+00 1.750091202702702297e-09
1.097447447447447377e+00 1.405522078078078163e+00 1.752392211711711007e-09
1.098048048048048120e+00 1.405517471471471547e+00 1.754693220720720544e-09
1.098648648648648640e+00 1.405512864864864930e+00 1.756994229729729254e-09
1.099249249249249383e+00 1.405508258258258314e+00 1.759295238738738997e-09
1.099849849849849903e+00 1.405503651651651698e+00 1.761596247747747500e-09
1.100450450450450424e+00 1.405499303700875391e+00 1.757963681998737247e-09
1.101051051051051166e+00 1.405495041968708891e+00 1.752353257997050697e-09
1.101651651651651687e+00 1.405490780236542392e+00 1.746742833995366215e-09
1.102252252252252207e+00 1.405486518504376114e+00 1.741132409993681940e-09
1.102852852852852950e+00 1.405482256772209615e+00 1.735521985991995390e-09
1.103453453453453470e+00 1.405477995040043337e+00 1.729911561990310908e-09
1.104054054054053990e+00 1.405473733307876838e+00 1.724301137988626426e-09
1.104654654654654733e+00 1.405469471575710338e+00 1.718690713986940083e-09
1.105255255255255253e+00 1.405465209843544061e+00 1.713080289985255601e-09
1.105855855855855996e+00 1.405460948111377562e+00 1.707469865983569051e-09
1.106456456456456516e+00 1.405456686379211284e+00 1.701859441981884776e-09
1.107057057057057037e+00 1.405452424647044785e+00 1.696249017980200294e-09
1.107657657657657779e+00 1.405448162914878507e+00 1.690638593978513744e-09
1.108258258258258300e+00 1.405443901182712008e+00 1.685028169976829262e-09
1.108858858858858820e+00 1.405439639450545508e+00 1.679417745975144987e-09
1.109459459459459563e+00 1.405435377718379231e+00 1.673807321973458437e-09
1.110060060060060083e+00 1.405431115986212731e+00 1.668196897971773955e-09
1.110660660660660604e+00 1.405426854254046454e+00 1.662586473970089680e-09
1.111261261261261346e+00 1.405422590845557984e+00 1.658705799113758545e-09
1.111861861861861867e+00 1.405418323649410661e+00 1.658733502022080022e-09
1.112462462462462387e+00 1.405414056453263338e+00 1.658761204930401705e-09
1.113063063063063129e+00 1.405409789257116016e+00 1.658788907838723182e-09
1.113663663663663650e+00 1.405405522060968693e+00 1.658816610747044658e-09
1.114264264264264392e+00 1.405401254864821370e+00 1.658844313655366342e-09
1.114864864864864913e+00 1.405396987668674047e+00 1.658872016563687818e-09
1.115465465465465433e+00 1.405392720472526724e+00 1.658899719472009502e-09
1.116066066066066176e+00 1.405388453276379179e+00 1.658927422380330978e-09
1.116666666666666696e+00 1.405384186080231856e+00 1.658955125288652455e-09
1.117267267267267217e+00 1.405379918884084534e+00 1.658982828196974138e-09
1.117867867867867959e+00 1.405375651012573668e+00 1.659294903041037990e-09
1.118468468468468480e+00 1.405371383121707840e+00 1.659615127536520191e-09
1.119069069069069000e+00 1.405367115230842012e+00 1.659935352032002391e-09
1.119669669669669743e+00 1.405362847339976184e+00 1.660255576527484798e-09
1.120270270270270263e+00 1.405358584095437680e+00 1.660611667301895363e-09
1.120870870870871006e+00 1.405354326529743458e+00 1.661011594639440871e-09
1.121471471471471526e+00 1.405350068964049015e+00 1.661411521976986379e-09
1.122072072072072046e+00 1.405345811398354794e+00 1.661811449314531887e-09
1.122672672672672789e+00 1.405341553832660573e+00 1.662211376652077395e-09
1.123273273273273309e+00 1.405337303797823845e+00 1.662622994146874244e-09
1.123873873873873830e+00 1.405333063961871298e+00 1.663218980924129672e-09
1.124474474474474572e+00 1.405328798870498108e+00 1.663928700100747973e-09
1.125075075075075093e+00 1.405324533779125140e+00 1.664638419277366068e-09
1.125675675675675613e+00 1.405320268687751950e+00 1.665348138453983956e-09
1.126276276276276356e+00 1.405316003596378760e+00 1.666057857630602258e-09
1.126876876876876876e+00 1.405311738505005792e+00 1.666767576807220353e-09
1.127477477477477397e+00 1.405307473413632602e+00 1.667477295983838447e-09
1.128078078078078139e+00 1.405303208322259634e+00 1.668187015160456749e-09
1.128678678678678660e+00 1.405298943230886444e+00 1.668896734337074844e-09
1.129279279279279402e+00 1.405294678139513476e+00 1.669606453513693145e-09
1.129879879879879923e+00 1.405290387738363345e+00 1.670320821156156143e-09
1.130480480480480443e+00 1.405286085242816396e+00 1.670800519635500485e-09
1.131081081081081186e+00 1.405281816796337013e+00 1.671299669179876258e-09
1.131681681681681706e+00 1.405277548349857408e+00 1.671798818724251824e-09
1.132282282282282226e+00 1.405273279903378025e+00 1.672297968268627390e-09
1.132882882882882969e+00 1.405269012980460142e+00 1.672835948859428505e-09
1.133483483483483489e+00 1.405264753978911152e+00 1.673575821523420308e-09
1.134084084084084010e+00 1.405260494977362162e+00 1.674315694187412112e-09
1.134684684684684752e+00 1.405256235975813173e+00 1.675055566851404329e-09
1.135285285285285273e+00 1.405251992662171823e+00 1.675700148472566496e-09
1.135885885885886015e+00 1.405247766687796496e+00 1.676239408414811600e-09
1.136486486486486536e+00 1.405243452722872100e+00 1.677442417547398292e-09
1.137087087087087056e+00 1.405239185769351584e+00 1.678945783600017925e-09
1.137687687687687799e+00 1.405234918815830847e+00 1.680449149652638179e-09
1.138288288288288319e+00 1.405230668253968362e+00 1.681955299828399936e-09
1.138888888888888840e+00 1.405226420818353139e+00 1.683443870544427121e-09
1.139489489489489582e+00 1.405222163864943585e+00 1.684919043714516034e-09
1.140090090090090102e+00 1.405217860360360227e+00 1.686318096396396593e-09
1.140690690690690623e+00 1.405213596096096085e+00 1.687834072372372491e-09
1.141291291291291365e+00 1.405209331831831943e+00 1.689350048348348803e-09
1.141891891891891886e+00 1.405205067567567578e+00 1.690866024324324701e-09
1.142492492492492406e+00 1.405200818996269030e+00 1.692683030808080438e-09
1.143093093093093149e+00 1.405196539575670256e+00 1.693036460120475678e-09
1.143693693693693669e+00 1.405192274956021059e+00 1.693741188517511719e-09
1.144294294294294412e+00 1.405188017994476235e+00 1.694715860767459909e-09
1.144894894894894932e+00 1.405183769003611527e+00 1.695971494986764932e-09
1.145495495495495453e+00 1.405179496048879040e+00 1.697082215462632334e-09
1.146096096096096195e+00 1.405175230807130138e+00 1.698214352866237290e-09
1.146696696696696716e+00 1.405170992290462273e+00 1.699484345677121599e-09
1.147297297297297236e+00 1.405166710128958885e+00 1.700575015871996387e-09
1.147897897897897979e+00 1.405162427967455718e+00 1.701665686066871588e-09
1.148498498498498499e+00 1.405158189447193617e+00 1.703186213383000643e-09
1.149099099099099019e+00 1.405153928706105448e+00 1.704626064173151379e-09
1.149699699699699762e+00 1.405149645002145009e+00 1.704959751027651139e-09
1.150300300300300282e+00 1.405145518018018125e+00 1.705709967867867904e-09
1.150900900900901025e+00 1.405141554054054165e+00 1.706765703603604031e-09
1.151501501501501545e+00 1.405137590090090205e+00 1.707821439339339537e-09
1.152102102102102066e+00 1.405133643042774771e+00 1.708999736084341708e-09
1.152702702702702808e+00 1.405129716205927970e+00 1.710497931117604056e-09
1.153303303303303329e+00 1.405125738112875000e+00 1.711767308603197780e-09
1.153903903903903849e+00 1.405121760019821808e+00 1.713036686088791297e-09
1.154504504504504592e+00 1.405117781926768838e+00 1.714306063574385435e-09
1.155105105105105112e+00 1.405113812256780337e+00 1.715701896106775357e-09
1.155705705705705633e+00 1.405109882463018600e+00 1.717690457552923131e-09
1.156306306306306375e+00 1.405105953956997222e+00 1.719020975120725796e-09
1.156906906906906896e+00 1.405101984356200262e+00 1.720462932610270678e-09
1.157507507507507416e+00 1.405098014755403080e+00 1.721904890099815354e-09
1.158108108108108159e+00 1.405094045154605897e+00 1.723346847589360650e-09
1.158708708708708679e+00 1.405090075553808937e+00 1.724788805078905532e-09
1.159309309309309421e+00 1.405086094879990810e+00 1.726046957754692625e-09
1.159909909909909942e+00 1.405082099332172874e+00 1.727058211881047092e-09
1.160510510510510462e+00 1.405078139952053995e+00 1.728431223234062216e-09
1.161111111111111205e+00 1.405074186954470505e+00 1.729868074097664807e-09
1.161711711711711725e+00 1.405070233956886794e+00 1.731304924961266985e-09
1.162312312312312246e+00 1.405066280959303082e+00 1.732741775824869162e-09
1.162912912912912988e+00 1.405062302750820002e+00 1.733743910103045918e-09
1.163513513513513509e+00 1.405058330736195460e+00 1.734886410792816765e-09
1.164114114114114029e+00 1.405054358721571139e+00 1.736028911482587612e-09
1.164714714714714772e+00 1.405050386706946597e+00 1.737171412172358872e-09
1.165315315315315292e+00 1.405046422804320905e+00 1.738545942150207061e-09
1.165915915915916035e+00 1.405042466241122501e+00 1.740130403388697157e-09
1.166516516516516555e+00 1.405038509677924319e+00 1.741714864627186633e-09
1.167117117117117076e+00 1.405034553114725915e+00 1.743299325865676109e-09
1.167717717717717818e+00 1.405030596551527733e+00 1.744883787104166205e-09
1.168318318318318338e+00 1.405026639988329551e+00 1.746468248342655681e-09
1.168918918918918859e+00 1.405022683425131147e+00 1.748052709581145157e-09
1.169519519519519601e+00 1.405018678702628865e+00 1.749722497393098944e-09
1.170120120120120122e+00 1.405014707207207225e+00 1.751064963363363436e-09
1.170720720720720642e+00 1.405010743243243265e+00 1.752131780180180096e-09
1.171321321321321385e+00 1.405006779279279305e+00 1.753198596996997169e-09
1.171921921921921905e+00 1.405002815315315345e+00 1.754265413813813829e-09
1.172522522522522426e+00 1.404998851351351385e+00 1.754893128828828690e-09
1.173123123123123168e+00 1.404994887387387426e+00 1.755455230930930883e-09
1.173723723723723689e+00 1.404990923423423466e+00 1.756017333033032870e-09
1.174324324324324431e+00 1.404986959459459506e+00 1.756579435135135063e-09
1.174924924924924952e+00 1.404982995495495546e+00 1.757141537237237049e-09
1.175525525525525472e+00 1.404979030511093629e+00 1.757138226426426485e-09
1.176126126126126215e+00 1.404975110191786891e+00 1.757101565682860658e-09
1.176726726726726735e+00 1.404971102310940356e+00 1.758620002658496525e-09
1.177327327327327255e+00 1.404967138956723316e+00 1.761089058008262115e-09
1.177927927927927998e+00 1.404963175602506054e+00 1.763558113358028738e-09
1.178528528528528518e+00 1.404959211580073308e+00 1.765139718194907195e-09
1.179129129129129261e+00 1.404955247602238888e+00 1.766577158996590914e-09
1.179729729729729781e+00 1.404951283738625989e+00 1.767995118309286949e-09
1.180330330330330302e+00 1.404947318573290360e+00 1.768659480997979069e-09
1.180930930930931044e+00 1.404943352342908902e+00 1.768707264630668305e-09
1.181531531531531565e+00 1.404939386112527666e+00 1.768755048263357542e-09
1.182132132132132085e+00 1.404935437453441960e+00 1.769348201757765358e-09
1.182732732732732828e+00 1.404931516787269796e+00 1.772654118838517264e-09
1.183333333333333348e+00 1.404927540876656389e+00 1.775490080733945138e-09
1.183933933933933869e+00 1.404923539725439596e+00 1.788368151051050767e-09
1.184534534534534611e+00 1.404919614537264660e+00 1.802895839099707298e-09
1.185135135135135132e+00 1.404915608108108005e+00 1.821779748648647661e-09
1.185735735735735652e+00 1.404911644144144045e+00 1.838175964864863370e-09
1.186336336336336394e+00 1.404907729893428714e+00 1.847254222112718946e-09
1.186936936936936915e+00 1.404903720940099632e+00 1.853728681739216805e-09
1.187537537537537435e+00 1.404899799912107117e+00 1.849982722127006617e-09
1.188138138138138178e+00 1.404895791196459687e+00 1.852806737476072900e-09
1.188738738738738698e+00 1.404891836229900770e+00 1.856033660155091007e-09
1.189339339339339441e+00 1.404887913320202797e+00 1.874852215261827930e-09
1.189939939939939961e+00 1.404883901210927544e+00 1.905379746841987597e-09
1.190540540540540482e+00 1.404880078065927185e+00 2.259456807967410056e-09
1.191141141141141224e+00 1.404876182582582400e+00 3.705172356456600314e-09
1.191741741741741745e+00 1.404872062162162205e+00 7.364362460360561609e-09
1.192342342342342265e+00 1.404868374774774775e+00 1.200553612612621787e-08
1.192942942942943008e+00 1.404864480608477351e+00 1.643981060685335630e-08
1.193543543543543528e+00 1.404860882282282120e+00 1.980154206906900591e-08
1.194144144144144271e+00 1.404857046846846869e+00 2.072962822522521517e-08
1.194744744744744791e+00 1.404852709842552727e+00 2.044105076192080057e-08
1.195345345345345311e+00 1.404849127927927821e+00 2.065008131831827604e-08
1.195945945945946054e+00 1.404845524324324302e+00 2.120902713513525941e-08
1.196546546546546574e+00 1.404841774174174107e+00 2.155893255555554569e-08
1.197147147147147095e+00 1.404837256749056795e+00 2.200197269292354296e-08
1.197747747747747837e+00 1.404833713513513604e+00 2.267807410810824450e-08
1.198348348348348358e+00 1.404829922822822930e+00 2.266589576876866685e-08
1.198948948948948878e+00 1.404826573673673806e+00 1.576419140807713699e-08
1.199549549549549621e+00 1.404822703603603617e+00 7.380326997297091980e-09
1.200150150150150141e+00 1.404818998798798901e+00 6.450380849549510483e-09
1.200750750750750662e+00 1.404814701485591621e+00 6.741347008887709471e-09
1.201351351351351404e+00 1.404811091891891905e+00 8.260088340540614031e-09
1.201951951951951925e+00 1.404807450250250334e+00 1.058087659959937587e-08
1.202552552552552445e+00 1.404803679579579523e+00 1.392883749249246707e-08
1.203153153153153188e+00 1.404799881562384334e+00 1.965253475441165905e-08
1.203753753753753708e+00 1.404795865326706084e+00 3.582962278630698061e-08
1.204354354354354451e+00 1.404791875809142443e+00 6.423630541308321302e-08
1.204954954954954971e+00 1.404788071685971751e+00 1.409159384298704940e-07
1.205555555555555491e+00 1.404784130555555510e+00 3.912817134722418989e-07
1.206156156156156234e+00 1.404780994219219314e+00 1.346995474999984305e-06
1.206756756756756754e+00 1.404778120508743955e+00 7.685777263274284478e-07
1.207357357357357275e+00 1.404774057957957956e+00 1.665847701801825081e-07
1.207957957957958017e+00 1.404769856625856628e+00 7.189671518510660684e-08
1.208558558558558538e+00 1.404766741282458931e+00 4.621765023953274322e-08
1.209159159159159280e+00 1.404762463363363301e+00 3.381375009910107535e-08
1.209759759759759801e+00 1.404758641441441469e+00 4.043405959759767139e-08
1.210360360360360321e+00 1.404755037837837950e+00 3.892394787387434732e-08
1.210960960960961064e+00 1.404751400278850149e+00 3.198652890596246761e-08
1.211561561561561584e+00 1.404747830630630689e+00 2.629309214714707857e-08
1.212162162162162105e+00 1.404744227027026948e+00 2.136808562162166806e-08
1.212762762762762847e+00 1.404740127757946544e+00 1.666732596940283827e-08
1.213363363363363367e+00 1.404736293093093114e+00 1.263493509309328124e-08
1.213963963963963888e+00 1.404732393050192929e+00 9.919664529214959861e-09
1.214564564564564630e+00 1.404728792836079432e+00 7.607919365654683564e-09
1.215165165165165151e+00 1.404725211566843379e+00 5.171790392073074535e-09
1.215765765765765671e+00 1.404721610810810928e+00 3.095407845946257378e-09
1.216366366366366414e+00 1.404718001801801730e+00 2.153424661261279488e-09
1.216966966966966934e+00 1.404714398198198211e+00 2.853887762462291592e-09
1.217567567567567455e+00 1.404710717374517470e+00 3.867367281080790814e-09
1.218168168168168197e+00 1.404707190990990950e+00 5.055690393393396610e-09
1.218768768768768718e+00 1.404703071575923667e+00 6.651443516163953945e-09
1.219369369369369460e+00 1.404698983783783772e+00 9.101793430630903099e-09
1.219969969969969981e+00 1.404695440240240067e+00 1.557797122222271307e-08
1.220570570570570501e+00 1.404691811431431292e+00 2.762037119419118143e-08
1.221171171171171244e+00 1.404688188288288453e+00 6.939589620720514497e-08
1.221771771771771764e+00 1.404684597338717866e+00 1.735479874578172771e-07
1.222372372372372284e+00 1.404681000000000068e+00 7.358484924814837529e-07
1.222972972972973027e+00 1.404678000000000093e+00 2.774599842341396986e-07
1.223573573573573547e+00 1.404673635363935302e+00 5.756991132375666543e-08
1.224174174174174290e+00 1.404670558258258373e+00 2.481013014414170452e-08
1.224774774774774810e+00 1.404666926126126203e+00 1.360976007207238941e-08
1.225375375375375331e+00 1.404662598498498394e+00 6.717878287388258694e-09
1.225975975975976073e+00 1.404659344144144173e+00 3.149071654354010606e-09
1.226576576576576594e+00 1.404655700164953780e+00 2.288709892488222743e-09
1.227177177177177114e+00 1.404652136936936913e+00 1.923597427927950392e-09
1.227777777777777857e+00 1.404648533333333393e+00 1.847839666666660736e-09
1.228378378378378377e+00 1.404644895772009683e+00 1.838912310509767179e-09
1.228978978978978898e+00 1.404641324989854612e+00 1.848319784197708690e-09
1.229579579579579640e+00 1.404637666886744851e+00 1.855070456553008176e-09
1.230180180180180161e+00 1.404634086526976411e+00 1.858177547848972582e-09
1.230780780780780681e+00 1.404630394002335692e+00 1.855954567492494075e-09
1.231381381381381424e+00 1.404626648382540921e+00 1.849956471850563587e-09
1.231981981981981944e+00 1.404622921275121339e+00 1.834753645183646401e-09
1.232582582582582464e+00 1.404619241984237599e+00 1.813077837221735658e-09
1.233183183183183207e+00 1.404615452346322124e+00 1.793291314208183926e-09
1.233783783783783727e+00 1.404611692128782119e+00 1.784490584149886971e-09
1.234384384384384470e+00 1.404607970612920642e+00 1.783976088732321548e-09
1.234984984984984990e+00 1.404604293843843887e+00 1.813332173873852588e-09
1.235585585585585511e+00 1.404600665520065572e+00 2.485194137509786015e-09
1.236186186186186253e+00 1.404597340197340172e+00 1.442551845088399051e-08
1.236786786786786774e+00 1.404593999999999898e+00 1.059591201411094963e-08
1.237387387387387294e+00 1.404590388288288194e+00 2.187569014414497141e-09
1.237987987987988037e+00 1.404586264929794659e+00 1.924904792111002847e-09
1.238588588588588557e+00 1.404582749190122826e+00 1.833133850962361202e-09
1.239189189189189300e+00 1.404579276803046062e+00 1.838805599096612918e-09
1.239789789789789820e+00 1.404575762840497344e+00 1.848285105902087033e-09
1.240390390390390341e+00 1.404572249538427187e+00 1.855735230497163976e-09
1.240990990990991083e+00 1.404568751975052043e+00 1.860518358212058243e-09
1.241591591591591603e+00 1.404565193261150924e+00 1.863082723911066956e-09
1.242192192192192124e+00 1.404561611394261833e+00 1.864002488176269308e-09
1.242792792792792866e+00 1.404558108498899838e+00 1.860139597338894236e-09
1.243393393393393387e+00 1.404554537729375552e+00 1.856939626805675187e-09
1.243993993993993907e+00 1.404551034566941192e+00 1.852351734221272622e-09
1.244594594594594650e+00 1.404547438791732938e+00 1.845230981399044762e-09
1.245195195195195170e+00 1.404543943287732244e+00 1.837963905093984523e-09
1.245795795795795691e+00 1.404540402846682356e+00 1.832307753083221393e-09
1.246396396396396433e+00 1.404536817810117855e+00 1.825573897713097003e-09
1.246996996996996954e+00 1.404533316966118717e+00 1.817868805641235375e-09
1.247597597597597474e+00 1.404529714414414432e+00 1.812690546746748326e-09
1.248198198198198217e+00 1.404526179413742026e+00 1.811424590404732765e-09
1.248798798798798737e+00 1.404522666383775098e+00 1.812607511770707365e-09
1.249399399399399480e+00 1.404519082094695337e+00 1.817202580074713648e-09
1.250000000000000000e+00 1.404515600000000086e+00 1.825109299999999898e-09
1.250600600600600520e+00 1.404512056456456381e+00 1.835134224924924625e-09
1.251201201201201263e+00 1.404508578048213829e+00 1.844115883818625207e-09
1.251801801801801783e+00 1.404505060718729714e+00 1.850224091473793764e-09
1.252402402402402526e+00 1.404501532927044716e+00 1.854468672311225533e-09
1.253003003003003046e+00 1.404497982582582516e+00 1.857815148948949372e-09
1.253603603603603567e+00 1.404494499099099070e+00 1.859364938738738743e-09
1.254204204204204309e+00 1.404490983464315335e+00 1.860343830924541538e-09
1.254804804804804830e+00 1.404487261561561562e+00 2.456095323724338175e-09
1.255405405405405350e+00 1.404483335135135125e+00 9.038751508114877659e-09
1.256006006006006093e+00 1.404480065165165215e+00 1.857045360060059850e-09
1.256606606606606613e+00 1.404476581681681768e+00 1.855600475675675482e-09
1.257207207207207134e+00 1.404473078008777964e+00 1.853058825733425943e-09
1.257807807807807876e+00 1.404469557057057116e+00 1.850979899399399172e-09
1.258408408408408397e+00 1.404466090390390276e+00 1.848022782282282063e-09
1.259009009009008917e+00 1.404462561663791575e+00 1.844798881061913019e-09
1.259609609609609659e+00 1.404459094004392616e+00 1.843164692493437603e-09
1.260210210210210180e+00 1.404455580780780810e+00 1.841975788888888757e-09
1.260810810810810700e+00 1.404452097297297142e+00 1.841286900000000002e-09
1.261411411411411443e+00 1.404448608073189497e+00 1.841286417214889427e-09
1.262012012012011963e+00 1.404445129129129111e+00 1.842080344144143826e-09
1.262612612612612706e+00 1.404441585585585628e+00 1.844707551351351915e-09
1.263213213213213226e+00 1.404438109297267312e+00 1.847219721161010804e-09
1.263813813813813747e+00 1.404434647188542051e+00 1.849384592799566161e-09
1.264414414414414489e+00 1.404431097597597544e+00 1.850986044277611069e-09
1.265015015015015010e+00 1.404427609909910002e+00 1.852065881981982077e-09
1.265615615615615530e+00 1.404424123201890362e+00 1.892615514296236392e-09
1.266216216216216273e+00 1.404421070270270411e+00 2.234145702702753568e-09
1.266816816816816793e+00 1.404417132732732609e+00 9.294855236937110032e-09
1.267417417417417536e+00 1.404413595495495493e+00 8.032220109007539679e-09
1.268018018018018056e+00 1.404410591891891880e+00 2.144978515315240468e-09
1.268618618618618576e+00 1.404406488288288291e+00 1.939223724324323925e-09
1.269219219219219319e+00 1.404403191591591771e+00 1.916335130930926888e-09
1.269819819819819839e+00 1.404399789189189285e+00 1.897826362162162614e-09
1.270420420420420360e+00 1.404396203603603510e+00 1.886724224024024461e-09
1.271021021021021102e+00 1.404392780506956928e+00 1.878063351853010984e-09
1.271621621621621623e+00 1.404389366420016216e+00 1.870559119081958984e-09
1.272222222222222143e+00 1.404386011111111054e+00 1.862920700000001065e-09
1.272822822822822886e+00 1.404382592192192192e+00 1.859618536336336567e-09
1.273423423423423406e+00 1.404379211585470744e+00 1.860317950284041840e-09
1.274024024024023927e+00 1.404375863063063168e+00 1.860755788888888976e-09
1.274624624624624669e+00 1.404372439639639758e+00 1.860658011111111072e-09
1.275225225225225190e+00 1.404369038738738862e+00 1.860536787387387298e-09
1.275825825825825710e+00 1.404365675375375266e+00 1.860376487087087008e-09
1.276426426426426453e+00 1.404362269369369365e+00 1.860215035435435446e-09
1.277027027027026973e+00 1.404358848648648461e+00 1.860055805405405470e-09
1.277627627627627716e+00 1.404355468735402068e+00 1.859985787387387224e-09
1.278228228228228236e+00 1.404352075808914746e+00 1.859543075788416364e-09
1.278828828828828756e+00 1.404348668436611991e+00 1.859433356143838393e-09
1.279429429429429499e+00 1.404345262004235373e+00 1.859425628571599529e-09
1.280030030030030019e+00 1.404341853646417393e+00 1.859439988625975350e-09
1.280630630630630540e+00 1.404338476775570665e+00 1.859328973996888528e-09
1.281231231231231282e+00 1.404335104133205059e+00 1.859307229717107673e-09
1.281831831831831803e+00 1.404331719154691793e+00 1.859360224057528554e-09
1.282432432432432545e+00 1.404328291891891789e+00 1.858763510810810524e-09
1.283033033033033066e+00 1.404324916483149943e+00 1.858167079824268607e-09
1.283633633633633586e+00 1.404321564035866832e+00 1.857692045209998755e-09
1.284234234234234329e+00 1.404318116996996935e+00 1.856950647447447275e-09
1.284834834834834849e+00 1.404314768193648089e+00 1.855437497934297763e-09
1.285435435435435370e+00 1.404311345956360979e+00 1.853988417615303350e-09
1.286036036036036112e+00 1.404307991699213609e+00 1.851941163267891900e-09
1.286636636636636633e+00 1.404304558462403207e+00 1.849869065496531101e-09
1.287237237237237153e+00 1.404301171471471488e+00 1.849939431531531385e-09
1.287837837837837895e+00 1.404297808108108114e+00 1.850325602702702846e-09
1.288438438438438416e+00 1.404294353153153319e+00 1.851523151051051052e-09
1.289039039039038936e+00 1.404291009565663328e+00 1.854100923335530341e-09
1.289639639639639679e+00 1.404287632430052168e+00 1.857265026888976535e-09
1.290240240240240199e+00 1.404284085111916047e+00 1.861099827308751728e-09
1.290840840840840720e+00 1.404280539916294090e+00 1.864477041796126545e-09
1.291441441441441462e+00 1.404276982758252412e+00 1.867423019257202109e-09
1.292042042042041983e+00 1.404273452693870494e+00 1.868285117558735388e-09
1.292642642642642725e+00 1.404269870682310239e+00 1.864851072016201703e-09
1.293243243243243246e+00 1.404266831027026985e+00 1.856565146954954228e-09
1.293843843843843766e+00 1.404263080780780770e+00 2.504532632432029872e-09
1.294444444444444509e+00 1.404260112989045295e+00 6.361669588576195568e-09
1.295045045045045029e+00 1.404256956912912857e+00 2.683150850006285131e-08
1.295645645645645549e+00 1.404252999999999973e+00 1.878573860360221506e-07
1.296246246246246292e+00 1.404250422080904448e+00 3.852602560552839734e-08
1.296846846846846812e+00 1.404247112612612591e+00 9.278694781983015522e-09
1.297447447447447555e+00 1.404243062762762895e+00 4.157227536936913306e-09
1.298048048048048075e+00 1.404239511711711685e+00 2.243489568768780972e-09
1.298648648648648596e+00 1.404236204343367822e+00 2.094749437801219118e-09
1.299249249249249338e+00 1.404232919882340669e+00 2.081557177831981790e-09
1.299849849849849859e+00 1.404229594297619732e+00 2.069036883451225693e-09
1.300450450450450379e+00 1.404226277477477414e+00 2.057263118918920258e-09
1.301051051051051122e+00 1.404222916859716674e+00 2.045716203689401589e-09
1.301651651651651642e+00 1.404219601833412323e+00 2.035447627054686972e-09
1.302252252252252163e+00 1.404216320278650620e+00 2.025187103396188962e-09
1.302852852852852905e+00 1.404213025981907004e+00 2.014887378335922474e-09
1.303453453453453426e+00 1.404209726760938137e+00 2.004227721340329956e-09
1.304054054054053946e+00 1.404206397599697675e+00 1.992387137384240313e-09
1.304654654654654689e+00 1.404203098957781171e+00 1.980093716251545401e-09
1.305255255255255209e+00 1.404199768265349757e+00 1.967400043475255230e-09
1.305855855855855729e+00 1.404196442400842404e+00 1.955298372399676225e-09
1.306456456456456472e+00 1.404193122093521984e+00 1.943823875461175121e-09
1.307057057057056992e+00 1.404189806433427279e+00 1.932095668852901415e-09
1.307657657657657513e+00 1.404186490233792162e+00 1.919879956207744594e-09
1.308258258258258255e+00 1.404183151234160931e+00 1.907588817183038225e-09
1.308858858858858776e+00 1.404179842848111148e+00 1.895014924087247111e-09
1.309459459459459518e+00 1.404176572972972936e+00 1.883237213513512499e-09
1.310060060060060039e+00 1.404173263663663684e+00 1.871363123423424153e-09
1.310660660660660781e+00 1.404169960413044649e+00 1.858763710636949218e-09
1.311261261261261302e+00 1.404166676064215746e+00 1.847127640818067608e-09
1.311861861861861822e+00 1.404163405990200619e+00 1.834945261624783661e-09
1.312462462462462565e+00 1.404160085469863040e+00 1.827043725538255398e-09
1.313063063063063085e+00 1.404156846846846829e+00 1.828946296396396384e-09
1.313663663663663606e+00 1.404153497108736603e+00 1.857647452350019815e-09
1.314264264264264348e+00 1.404150246546546521e+00 1.899213876276281053e-09
1.314864864864864868e+00 1.404146794310099589e+00 2.042730645945933056e-09
1.315465465465465389e+00 1.404143172672672746e+00 2.275695632132113535e-09
1.316066066066066131e+00 1.404140132966299692e+00 2.632657718136662825e-09
1.316666666666666652e+00 1.404137095833333460e+00 6.274628685416437573e-09
1.317267267267267172e+00 1.404133689109362537e+00 2.102446715181785451e-08
1.317867867867867915e+00 1.404130000000000100e+00 8.484632543002388886e-08
1.318468468468468435e+00 1.404126999999999903e+00 4.516914206445127754e-07
1.319069069069068956e+00 1.404123999999999928e+00 6.726706260428865969e-08
1.319669669669669698e+00 1.404120941548397727e+00 1.902514003101980063e-08
1.320270270270270219e+00 1.404117278378378408e+00 5.232216929729897535e-09
1.320870870870870739e+00 1.404114208499804173e+00 2.646006739848611887e-09
1.321471471471471482e+00 1.404111120883595465e+00 2.256513683885542738e-09
1.322072072072072002e+00 1.404107603603603538e+00 2.047873786486547050e-09
1.322672672672672523e+00 1.404104322003359329e+00 1.929003015456151796e-09
1.323273273273273265e+00 1.404101036661661750e+00 1.906084800975977561e-09
1.323873873873873785e+00 1.404097814261179078e+00 1.883836456741331830e-09
1.324474474474474528e+00 1.404094545205732070e+00 1.863296646475422013e-09
1.325075075075075048e+00 1.404091282916249517e+00 1.858002175724744494e-09
1.325675675675675791e+00 1.404087977704181256e+00 1.858168666284227838e-09
1.326276276276276311e+00 1.404084796020560466e+00 1.862377979747233283e-09
1.326876876876876832e+00 1.404081479820925127e+00 1.872870361699736545e-09
1.327477477477477574e+00 1.404078224262193197e+00 1.886958626913125078e-09
1.328078078078078095e+00 1.404074978378378358e+00 1.900518744744743707e-09
1.328678678678678615e+00 1.404071735135135057e+00 1.913446012012010604e-09
1.329279279279279358e+00 1.404068453817139073e+00 1.924036796842172788e-09
1.329879879879879878e+00 1.404065223460831069e+00 1.929174807416066014e-09
1.330480480480480399e+00 1.404061889709540267e+00 1.931035354114695133e-09
1.331081081081081141e+00 1.404058585293085359e+00 1.932433497893998154e-09
1.331681681681681662e+00 1.404055224128870183e+00 1.933999845468313446e-09
1.332282282282282182e+00 1.404051919219219347e+00 1.935691789789789288e-09
1.332882882882882924e+00 1.404048546062945935e+00 1.940551073031473733e-09
1.333483483483483445e+00 1.404045311190328826e+00 1.947715819970980397e-09
1.334084084084083965e+00 1.404042147345061053e+00 1.953181032520609070e-09
1.334684684684684708e+00 1.404038929536513214e+00 1.963547911045929666e-09
1.335285285285285228e+00 1.404035790302086584e+00 1.974317499857094924e-09
1.335885885885885749e+00 1.404032622150770182e+00 1.980937318328764745e-09
1.336486486486486491e+00 1.404029436923918128e+00 1.981407281987189305e-09
1.337087087087087012e+00 1.404026229729729680e+00 1.981079735135135365e-09
1.337687687687687532e+00 1.404023024024023902e+00 1.979859877777777742e-09
1.338288288288288275e+00 1.404019845134285349e+00 1.981872382700152186e-09
1.338888888888888795e+00 1.404016669800569828e+00 1.982182723646724571e-09
1.339489489489489538e+00 1.404013502708831407e+00 1.980449216583930558e-09
1.340090090090090058e+00 1.404010324290573042e+00 1.979858858358646722e-09
1.340690690690690801e+00 1.404007111527493912e+00 1.977376069066544172e-09
1.341291291291291321e+00 1.404003961828164782e+00 1.970493180103864920e-09
1.341891891891891841e+00 1.404000729200529207e+00 1.965186367529768280e-09
1.342492492492492584e+00 1.403997539792442684e+00 1.964721877108204200e-09
1.343093093093093104e+00 1.403994368039467977e+00 2.020143731645936272e-09
1.343693693693693625e+00 1.403991231531531714e+00 5.643033795495617416e-09
1.344294294294294367e+00 1.403988000000000014e+00 4.621856422199558798e-08
1.344894894894894888e+00 1.403985000000000039e+00 7.301849603828432590e-08
1.345495495495495408e+00 1.403981229061319391e+00 1.175344952891663820e-08
1.346096096096096151e+00 1.403978219519519621e+00 3.870104515916024832e-09
1.346696696696696671e+00 1.403975316516516525e+00 2.302342916516530592e-09
1.347297297297297192e+00 1.403972216480273261e+00 2.236434555389877131e-09
1.347897897897897934e+00 1.403968951903254547e+00 2.229901931888644870e-09
1.348498498498498455e+00 1.403965712926309228e+00 2.243620837308682442e-09
1.349099099099098975e+00 1.403962504620004603e+00 2.267148029452525637e-09
1.349699699699699718e+00 1.403959277664621252e+00 2.299534666118291337e-09
1.350300300300300238e+00 1.403956027017825736e+00 2.342892705943257954e-09
1.350900900900900758e+00 1.403952822772772890e+00 2.400090006081057700e-09
1.351501501501501501e+00 1.403949566864395315e+00 2.456576484362954881e-09
1.352102102102102021e+00 1.403946348096745345e+00 2.507607651042925719e-09
1.352702702702702542e+00 1.403943045582279670e+00 2.553369132415889231e-09
1.353303303303303284e+00 1.403939838304971710e+00 2.598187017884550166e-09
1.353903903903903805e+00 1.403936701835168499e+00 2.641325623156477322e-09
1.354504504504504547e+00 1.403933519870574687e+00 2.710750760842534787e-09
1.355105105105105068e+00 1.403930353453453517e+00 2.789955526426421651e-09
1.355705705705705810e+00 1.403927230330330289e+00 2.879455106006012421e-09
1.356306306306306331e+00 1.403924071133779705e+00 2.969438080320396171e-09
1.356906906906906851e+00 1.403920887824068764e+00 3.061448872217628356e-09
1.357507507507507594e+00 1.403917759787533193e+00 3.157243574561292819e-09
1.358108108108108114e+00 1.403914636570120500e+00 3.253388964979300542e-09
1.358708708708708635e+00 1.403911484745367089e+00 3.348532647307400788e-09
1.359309309309309377e+00 1.403908232719336402e+00 3.447200351244200777e-09
1.359909909909909898e+00 1.403904987500487644e+00 3.547374294095381352e-09
1.360510510510510418e+00 1.403901738512117969e+00 3.642232487233305712e-09
1.361111111111111160e+00 1.403898500000000160e+00 3.739038266666673777e-09
1.361711711711711681e+00 1.403895256756756860e+00 3.826998086486472273e-09
1.362312312312312201e+00 1.403892019838826055e+00 3.911785288006967975e-09
1.362912912912912944e+00 1.403888771085120224e+00 4.003071896224299453e-09
1.363513513513513464e+00 1.403885542880464410e+00 4.095026734935601617e-09
1.364114114114113985e+00 1.403882475337406399e+00 4.188972131510794970e-09
1.364714714714714727e+00 1.403879385141315606e+00 4.281723096619624820e-09
1.365315315315315248e+00 1.403876315900436600e+00 4.375655190291305758e-09
1.365915915915915768e+00 1.403873302958869473e+00 4.469060920072108060e-09
1.366516516516516511e+00 1.403870260092491273e+00 4.563435373611309630e-09
1.367117117117117031e+00 1.403867184889090902e+00 4.658290682511913200e-09
1.367717717717717774e+00 1.403864054507943049e+00 4.761606472021649116e-09
1.368318318318318294e+00 1.403860912912912928e+00 4.869850112312294858e-09
1.368918918918918814e+00 1.403857729729729886e+00 4.980184286486466745e-09
1.369519519519519557e+00 1.403854542119161941e+00 5.092507736796728280e-09
1.370120120120120077e+00 1.403851363363363358e+00 5.205667891591562278e-09
1.370720720720720820e+00 1.403848180180180094e+00 5.332765849549564899e-09
1.371321321321321340e+00 1.403844992293329597e+00 5.459515290001421190e-09
1.371921921921921861e+00 1.403841724777108890e+00 5.585740608584201195e-09
1.372522522522522603e+00 1.403838530630630688e+00 5.711842426126131899e-09
1.373123123123123124e+00 1.403835363939585301e+00 5.837951070710192146e-09
1.373723723723723644e+00 1.403832287413614432e+00 5.963197425449436851e-09
1.374324324324324387e+00 1.403829245945945825e+00 6.086651927027024765e-09
1.374924924924924907e+00 1.403826182882882856e+00 6.210465680780774692e-09
1.375525525525525428e+00 1.403823023945684811e+00 6.360660159394155263e-09
1.376126126126126170e+00 1.403819956756756637e+00 6.515083790991027239e-09
1.376726726726726691e+00 1.403816893693693668e+00 6.670072319519517148e-09
1.377327327327327211e+00 1.403813787932376878e+00 6.825414785363133967e-09
1.377927927927927954e+00 1.403810673707040380e+00 6.977772298431798627e-09
1.378528528528528474e+00 1.403807637387765705e+00 7.130422528537587868e-09
1.379129129129128994e+00 1.403804515224315042e+00 7.283559646819506587e-09
1.379729729729729737e+00 1.403801332307883953e+00 7.437183994731616977e-09
1.380330330330330257e+00 1.403798182282282259e+00 7.598395507207206433e-09
1.380930930930930778e+00 1.403795059159159031e+00 7.765814065765724299e-09
1.381531531531531520e+00 1.403791876959718410e+00 7.931382361634062350e-09
1.382132132132132041e+00 1.403788704567725532e+00 8.096189681017853766e-09
1.382732732732732783e+00 1.403785531788931840e+00 8.261723989029847499e-09
1.383333333333333304e+00 1.403782366666666670e+00 8.428558433333332660e-09
1.383933933933933824e+00 1.403779243543543664e+00 8.595826781681677426e-09
1.384534534534534567e+00 1.403776101389871522e+00 8.764493305015518668e-09
1.385135135135135087e+00 1.403773010810810629e+00 8.936827240540527531e-09
1.385735735735735830e+00 1.403769947747747660e+00 9.122256309609661114e-09
1.386336336336336350e+00 1.403766918318318346e+00 9.307572201501525363e-09
1.386936936936936871e+00 1.403763915315315414e+00 9.492799168468447344e-09
1.387537537537537613e+00 1.403760804804804918e+00 9.676716371471510282e-09
1.388138138138138133e+00 1.403757651283804142e+00 9.859848498426090323e-09
1.388738738738738654e+00 1.403754440114307833e+00 1.004081184994669230e-08
1.389339339339339396e+00 1.403751187505012377e+00 1.022138317665143331e-08
1.389939939939939917e+00 1.403748009322197676e+00 1.039483685073916682e-08
1.390540540540540437e+00 1.403744769982748775e+00 1.057894727947089561e-08
1.391141141141141180e+00 1.403742107207207157e+00 1.091337790390393138e-08
1.391741741741741700e+00 1.403739281983990672e+00 1.138183757296083240e-08
1.392342342342342221e+00 1.403736071151586273e+00 1.199944692851522417e-08
1.392942942942942963e+00 1.403732911220311408e+00 1.272946617253616511e-08
1.393543543543543484e+00 1.403729718568568652e+00 1.356712441841832606e-08
1.394144144144144004e+00 1.403726507231231269e+00 1.448971450882854271e-08
1.394744744744744747e+00 1.403723281536175316e+00 1.547379110321665199e-08
1.395345345345345267e+00 1.403720078706089502e+00 1.658030297026206045e-08
1.395945945945945788e+00 1.403716972425590237e+00 1.785432493670850370e-08
1.396546546546546530e+00 1.403714542215096506e+00 1.941091853305814057e-08
1.397147147147147050e+00 1.403711475975976120e+00 2.138114878078015982e-08
1.397747747747747793e+00 1.403708311523151009e+00 2.394847766499056212e-08
1.398348348348348313e+00 1.403705082871421039e+00 2.718242308834769103e-08
1.398948948948948834e+00 1.403701924400224454e+00 3.081997294149029459e-08
1.399549549549549576e+00 1.403698745246531931e+00 3.495242957866141914e-08
1.400150150150150097e+00 1.403695618212128515e+00 3.958862578868232411e-08
1.400750750750750839e+00 1.403692408871473063e+00 4.397090460841411080e-08
1.401351351351351360e+00 1.403689245645645789e+00 4.786655074474516572e-08
1.401951951951951880e+00 1.403686057976097024e+00 5.130135424828184514e-08
1.402552552552552623e+00 1.403683668768768822e+00 5.495067859159172261e-08
1.403153153153153143e+00 1.403680703603603641e+00 5.933001834234161541e-08
1.403753753753753664e+00 1.403677578239108659e+00 6.494855988027010634e-08
1.404354354354354406e+00 1.403674369813291412e+00 7.079822820146279251e-08
1.404954954954954927e+00 1.403671232190953688e+00 7.537717117107795635e-08
1.405555555555555447e+00 1.403668111111111116e+00 7.895062222222174926e-08
1.406156156156156189e+00 1.403664946756642662e+00 8.146773440969878536e-08
1.406756756756756710e+00 1.403661824776487599e+00 8.342185594943983368e-08
1.407357357357357230e+00 1.403658663275231699e+00 8.513868143226870606e-08
1.407957957957957973e+00 1.403655525210210087e+00 8.666823600135120419e-08
1.408558558558558493e+00 1.403652348648648740e+00 8.895215815315238994e-08
1.409159159159159014e+00 1.403649204204204137e+00 9.699994884384016741e-08
1.409759759759759756e+00 1.403646087163908041e+00 1.102975553739794456e-07
1.410360360360360277e+00 1.403642931617331557e+00 1.156133565808642375e-07
1.410960960960960797e+00 1.403639803328328384e+00 1.302081152302259545e-07
1.411561561561561540e+00 1.403636699713667113e+00 1.476689540847809990e-07
1.412162162162162060e+00 1.403633589189189124e+00 1.669034448648647030e-07
1.412762762762762803e+00 1.403630598498498472e+00 1.797094369069092345e-07
1.413363363363363323e+00 1.403628272728542514e+00 1.966397044584127264e-07
1.413963963963963844e+00 1.403625191683146589e+00 2.177517543298107383e-07
1.414564564564564586e+00 1.403622133064264199e+00 2.399375446541772047e-07
1.415165165165165106e+00 1.403618974174174028e+00 2.629349418852124438e-07
1.415765765765765849e+00 1.403615884634634714e+00 2.864257760960996811e-07
1.416366366366366369e+00 1.403612773927260582e+00 3.084598610597264332e-07
1.416966966966966890e+00 1.403609680146813421e+00 3.284671177577552511e-07
1.417567567567567632e+00 1.403606590810810850e+00 3.490864991351361825e-07
1.418168168168168153e+00 1.403603441474808200e+00 3.737153107207193389e-07
1.418768768768768673e+00 1.403599999999999959e+00 4.316664947784057961e-07
1.419369369369369416e+00 1.403596999999999984e+00 5.623383518066953246e-07
1.419969969969969936e+00 1.403594221934978403e+00 6.830831709779183948e-07
1.420570570570570457e+00 1.403591113311942085e+00 7.831897565617382503e-07
1.421171171171171199e+00 1.403588034794794881e+00 8.616357118338420875e-07
1.421771771771771720e+00 1.403584918447018381e+00 9.190858289918438837e-07
1.422372372372372240e+00 1.403581850750750704e+00 9.657119085135089820e-07
1.422972972972972983e+00 1.403578776263219696e+00 1.005523837602817376e-06
1.423573573573573503e+00 1.403575739086454943e+00 1.048489000316101168e-06
1.424174174174174023e+00 1.403572671254587956e+00 1.093353514503385032e-06
1.424774774774774766e+00 1.403569526126126066e+00 1.140187819819822514e-06
1.425375375375375286e+00 1.403566080144850625e+00 1.203966589171516828e-06
1.425975975975975807e+00 1.403562999999999894e+00 1.125257796246259640e-06
1.426576576576576549e+00 1.403559999999999919e+00 9.603563570270158229e-07
1.427177177177177070e+00 1.403557327296527379e+00 9.134287455709484818e-07
1.427777777777777812e+00 1.403553370940171074e+00 9.514041719658099410e-07
1.428378378378378333e+00 1.403550199999999970e+00 9.836598439557751640e-07
1.428978978978979075e+00 1.403547157293007164e+00 1.064235573487776086e-06
1.429579579579579596e+00 1.403543999999999903e+00 6.313054057033834791e-07
1.430180180180180116e+00 1.403540000000000010e+00 3.512166827501169980e-07
1.430780780780780859e+00 1.403536556538356628e+00 3.664950622795565410e-07
1.431381381381381379e+00 1.403531964639639584e+00 4.682319206531707509e-07
1.431981981981981900e+00 1.403527380135135116e+00 6.814471541350959352e-07
1.432582582582582642e+00 1.403522783341236035e+00 1.106428445124026441e-06
1.433183183183183163e+00 1.403515999999999986e+00 2.034068749190945543e-06
1.433783783783783683e+00 1.403506104804804755e+00 4.651450295995018989e-06
1.434384384384384425e+00 1.403486997812097847e+00 1.802714810661229001e-05
1.434984984984984946e+00 1.403544403660803574e+00 1.011864567110216251e-04
1.435585585585585466e+00 1.403549636576576498e+00 1.382114929369686638e-05
1.436186186186186209e+00 1.403533692848403902e+00 4.661599047869813908e-06
1.436786786786786729e+00 1.403525014558558492e+00 2.268653361789825287e-06
1.437387387387387250e+00 1.403518558558558560e+00 1.359402272072162806e-06
1.437987987987987992e+00 1.403514007784707696e+00 9.346632676068159640e-07
1.438588588588588513e+00 1.403509752934752886e+00 7.825363495318048272e-07
1.439189189189189033e+00 1.403505999999999920e+00 6.414480129087048915e-07
1.439789789789789776e+00 1.403501685085085215e+00 4.441273515615752404e-07
1.440390390390390296e+00 1.403498670034320162e+00 3.648714558129720532e-07
1.440990990990990817e+00 1.403494660060059962e+00 3.020650591591637650e-07
1.441591591591591559e+00 1.403491656725691206e+00 3.448683099078250816e-07
1.442192192192192080e+00 1.403488000000000069e+00 3.204394693038564556e-07
1.442792792792792822e+00 1.403484637932669532e+00 2.466463915931779003e-07
1.443393393393393342e+00 1.403481728724376598e+00 2.069593451677782758e-07
1.443993993993994085e+00 1.403478724024024071e+00 1.929847330630646617e-07
1.444594594594594605e+00 1.403475000000000028e+00 2.322019794208460768e-07
1.445195195195195126e+00 1.403472034320034423e+00 2.845736319734204299e-07
1.445795795795795868e+00 1.403469638220038229e+00 1.901317839257332187e-07
1.446396396396396389e+00 1.403465809483167348e+00 1.423451771597871294e-07
1.446996996996996909e+00 1.403462812012012062e+00 1.211985559459495071e-07
1.447597597597597652e+00 1.403459811045528305e+00 1.093960413237366133e-07
1.448198198198198172e+00 1.403456809872886568e+00 1.046550024805626343e-07
1.448798798798798693e+00 1.403453905299417048e+00 1.021801684048764612e-07
1.449399399399399435e+00 1.403450903603603583e+00 9.636405138138120502e-08
1.449999999999999956e+00 1.403448000000000029e+00 8.837515900000000328e-08
1.450600600600600476e+00 1.403444996186662852e+00 7.958747685919274322e-08
1.451201201201201219e+00 1.403441292492492387e+00 7.281034227027041055e-08
1.451801801801801739e+00 1.403438089877518058e+00 7.174881759682146672e-08
1.452402402402402259e+00 1.403435087987987995e+00 7.313924508708691757e-08
1.453003003003003002e+00 1.403432178549978371e+00 7.500208583183163357e-08
1.453603603603603522e+00 1.403429185585585603e+00 7.669753466666647275e-08
1.454204204204204043e+00 1.403426275269387125e+00 7.763316499046097374e-08
1.454804804804804785e+00 1.403423372146059167e+00 7.729055851181642751e-08
1.455405405405405306e+00 1.403420399999999901e+00 7.492629964478831127e-08
1.456006006006005826e+00 1.403417469969969966e+00 7.056873524024143329e-08
1.456606606606606569e+00 1.403414473573573629e+00 6.534973933633589113e-08
1.457207207207207089e+00 1.403411570441870593e+00 6.080170535549890015e-08
1.457807807807807832e+00 1.403408660960960841e+00 5.674200221921894945e-08
1.458408408408408352e+00 1.403405757957957967e+00 5.276998387687670385e-08
1.459009009009009095e+00 1.403402536936936951e+00 4.887903727027019320e-08
1.459609609609609615e+00 1.403398854954954977e+00 4.512042021921929137e-08
1.460210210210210136e+00 1.403395939953590021e+00 4.176713177591815687e-08
1.460810810810810878e+00 1.403393008108108075e+00 3.912304945945926927e-08
1.461411411411411398e+00 1.403390133733733558e+00 3.727407287587583846e-08
1.462012012012011919e+00 1.403387241404819408e+00 3.600437328396703368e-08
1.462612612612612661e+00 1.403384304550704620e+00 3.499191846835281961e-08
1.463213213213213182e+00 1.403381376576576578e+00 3.404954194894893723e-08
1.463813813813813702e+00 1.403378494508338070e+00 3.315975634470664434e-08
1.464414414414414445e+00 1.403375532562526562e+00 3.236285812967108714e-08
1.465015015015014965e+00 1.403372672138805566e+00 3.167989998665329954e-08
1.465615615615615486e+00 1.403369755005284603e+00 3.114020266614668351e-08
1.466216216216216228e+00 1.403366841004808574e+00 3.071600758282211657e-08
1.466816816816816749e+00 1.403363211804661947e+00 3.044333573637923741e-08
1.467417417417417269e+00 1.403360053681319553e+00 3.038470064142030581e-08
1.468018018018018012e+00 1.403357208769528963e+00 3.052601293488425518e-08
1.468618618618618532e+00 1.403354330630630642e+00 3.076497411711709778e-08
1.469219219219219053e+00 1.403351447984523048e+00 3.102158005887613841e-08
1.469819819819819795e+00 1.403348541949641870e+00 3.128617227512128580e-08
1.470420420420420315e+00 1.403345662806626981e+00 3.156361486226668921e-08
1.471021021021020836e+00 1.403342738299838244e+00 3.187512519681211152e-08
1.471621621621621578e+00 1.403339861513513531e+00 3.236242349459447715e-08
1.472222222222222099e+00 1.403336973888889005e+00 3.374514413333259608e-08
1.472822822822822841e+00 1.403334108708708783e+00 3.838906603703660334e-08
1.473423423423423362e+00 1.403330865765765711e+00 4.794335140540398823e-08
1.474024024024024104e+00 1.403327399899899852e+00 6.760870077077412476e-08
1.474624624624624625e+00 1.403324999999999934e+00 1.249947159826597970e-07
1.475225225225225145e+00 1.403321682496782463e+00 4.331586772135774128e-07
1.475825825825825888e+00 1.403319999999999901e+00 4.928989452275088783e-07
1.476426426426426408e+00 1.403316000000000008e+00 1.023637510572542517e-07
1.477027027027026929e+00 1.403313079217148207e+00 4.504223638676687359e-08
1.477627627627627671e+00 1.403310271499406348e+00 3.096417277959342188e-08
1.478228228228228192e+00 1.403307377756327856e+00 2.422882752917197125e-08
1.478828828828828712e+00 1.403304558795637869e+00 2.164952326710933070e-08
1.479429429429429455e+00 1.403301682282282137e+00 2.060245087987991149e-08
1.480030030030029975e+00 1.403298852311327671e+00 1.974182534416394178e-08
1.480630630630630495e+00 1.403295796165084042e+00 1.897726623459949656e-08
1.481231231231231238e+00 1.403292229094311727e+00 1.824456232027673132e-08
1.481831831831831758e+00 1.403289300800800721e+00 1.759406542180649886e-08
1.482432432432432279e+00 1.403286496348980616e+00 1.703575614461840132e-08
1.483033033033033021e+00 1.403283640162743540e+00 1.652817090254780303e-08
1.483633633633633542e+00 1.403280820029889187e+00 1.601641143030358115e-08
1.484234234234234062e+00 1.403277966608543981e+00 1.550212782911959627e-08
1.484834834834834805e+00 1.403275159839742825e+00 1.499863055098935238e-08
1.485435435435435325e+00 1.403272371060715784e+00 1.450048976076092056e-08
1.486036036036035846e+00 1.403268895249795145e+00 1.396460814823931262e-08
1.486636636636636588e+00 1.403265740548102158e+00 1.335804224634361086e-08
1.487237237237237109e+00 1.403262898917548851e+00 1.267623638852927443e-08
1.487837837837837851e+00 1.403260095362628856e+00 1.193010660810798882e-08
1.488438438438438371e+00 1.403257276237776185e+00 1.119136444282742621e-08
1.489039039039039114e+00 1.403254420420420256e+00 1.093875206306306032e-08
1.489639639639639634e+00 1.403251642872284100e+00 1.105191249620208677e-08
1.490240240240240155e+00 1.403248302012216175e+00 1.127576479403893349e-08
1.490840840840840897e+00 1.403245095795795816e+00 1.158543662462462856e-08
1.491441441441441418e+00 1.403242269369369577e+00 1.190063210810806772e-08
1.492042042042041938e+00 1.403239402927928037e+00 1.221344138213208151e-08
1.492642642642642681e+00 1.403236643843843945e+00 1.247375230630633418e-08
1.493243243243243201e+00 1.403233896071848230e+00 1.280667034984054449e-08
1.493843843843843722e+00 1.403231020720720590e+00 1.318686990347484922e-08
1.494444444444444464e+00 1.403227823624595638e+00 1.361468624703348868e-08
1.495045045045044985e+00 1.403224483783783727e+00 1.418143645945929906e-08
1.495645645645645505e+00 1.403221713711617191e+00 1.489388808446112926e-08
1.496246246246246248e+00 1.403218934337295831e+00 1.573564282674989079e-08
1.496846846846846768e+00 1.403216136236236311e+00 1.655549316316313607e-08
1.497447447447447288e+00 1.403213337266298488e+00 1.766273831686455670e-08
1.498048048048048031e+00 1.403210578694483956e+00 2.085652813466139838e-08
1.498648648648648551e+00 1.403207180992467773e+00 2.744301098803573886e-08
1.499249249249249072e+00 1.403204003003002853e+00 3.778419662462338925e-08
1.499849849849849814e+00 1.403201272344219319e+00 3.416024951370107683e-08
1.500450450450450335e+00 1.403198879579579561e+00 5.851804292941712048e-08
1.501051051051050855e+00 1.403195827234130721e+00 3.276091558891568473e-08
1.501651651651651598e+00 1.403192956008550762e+00 1.825775358039493074e-08
1.502252252252252118e+00 1.403189786486486623e+00 1.520813525225255891e-08
1.502852852852852861e+00 1.403186419063507939e+00 1.399064775642311409e-08
1.503453453453453381e+00 1.403183682440067193e+00 1.335561510367997799e-08
1.504054054054054124e+00 1.403180927194451089e+00 1.289986994032528110e-08
1.504654654654654644e+00 1.403178145723501302e+00 1.299899926026026731e-08
1.505255255255255165e+00 1.403175469969969891e+00 1.370613133033019937e-08
1.505855855855855907e+00 1.403172136046273666e+00 1.530484338892320467e-08
1.506456456456456428e+00 1.403168898828965894e+00 1.669878122795400888e-08
1.507057057057056948e+00 1.403166195695695562e+00 1.703196664864867147e-08
1.507657657657657690e+00 1.403163433374283287e+00 1.603316087387390604e-08
1.508258258258258211e+00 1.403160756535482889e+00 1.406327637055515153e-08
1.508858858858858731e+00 1.403157942028235183e+00 1.287174194321924551e-08
1.509459459459459474e+00 1.403154525945945919e+00 1.273803236216217472e-08
1.510060060060059994e+00 1.403151560643402185e+00 1.308990627814017239e-08
1.510660660660660515e+00 1.403148752573534219e+00 1.359572790154326663e-08
1.511261261261261257e+00 1.403146060031184916e+00 1.418493912370060034e-08
1.511861861861861778e+00 1.403143352621125217e+00 1.482397572010581572e-08
1.512462462462462298e+00 1.403140518968968964e+00 1.550371707107089519e-08
1.513063063063063041e+00 1.403137168089141795e+00 1.620946227233192013e-08
1.513663663663663561e+00 1.403134151211996361e+00 1.694397884877018435e-08
1.514264264264264082e+00 1.403131437237237211e+00 1.769433527927906825e-08
1.514864864864864824e+00 1.403128706296722372e+00 1.848070830218507353e-08
1.515465465465465345e+00 1.403125495195195027e+00 1.931832384984959491e-08
1.516066066066066087e+00 1.403122276146735015e+00 2.023712027986806647e-08
1.516666666666666607e+00 1.403119606230529559e+00 2.120239804569037134e-08
1.517267267267267128e+00 1.403116929805667601e+00 2.215244130299236440e-08
1.517867867867867870e+00 1.403114196429763094e+00 2.313037321087757313e-08
1.518468468468468391e+00 1.403111444640052774e+00 2.412137756123088444e-08
1.519069069069069133e+00 1.403108240265265261e+00 2.512249803153167644e-08
1.519669669669669654e+00 1.403105097209709662e+00 2.605183164153744012e-08
1.520270270270270174e+00 1.403102416216216231e+00 2.685690710810798338e-08
1.520870870870870917e+00 1.403099704704704687e+00 2.741552192959629426e-08
1.521471471471471437e+00 1.403096753379185602e+00 2.759547735222318594e-08
1.522072072072071958e+00 1.403093395756533912e+00 2.753773613013725201e-08
1.522672672672672700e+00 1.403090640981268900e+00 2.730466533300925065e-08
1.523273273273273221e+00 1.403087945753488164e+00 2.691325972236327049e-08
1.523873873873873741e+00 1.403085250573300469e+00 2.636351591994275537e-08
1.524474474474474484e+00 1.403081959534534517e+00 2.566918228744366628e-08
1.525075075075075004e+00 1.403078887187187318e+00 2.485930244644652713e-08
1.525675675675675524e+00 1.403076218401380304e+00 2.403422445945957951e-08
1.526276276276276267e+00 1.403073525173293534e+00 2.318896552268069085e-08
1.526876876876876787e+00 1.403070618881381515e+00 2.232406988588607135e-08
1.527477477477477308e+00 1.403067235135135205e+00 2.145100133333363174e-08
1.528078078078078050e+00 1.403064514176676658e+00 2.057110402002004667e-08
1.528678678678678571e+00 1.403061834738016822e+00 1.971199316365569814e-08
1.529279279279279091e+00 1.403059238324324332e+00 1.865401260252291429e-08
1.529879879879879834e+00 1.403055967334000842e+00 1.743289991110158854e-08
1.530480480480480354e+00 1.403052878078077992e+00 1.517297688288350614e-08
1.531081081081081097e+00 1.403050251351351418e+00 1.043164643243214062e-08
1.531681681681681617e+00 1.403047344618302494e+00 9.753398481381181206e-09
1.532282282282282138e+00 1.403043902217602223e+00 1.309175632801862478e-08
1.532882882882882880e+00 1.403041280236486665e+00 2.052066127195981319e-08
1.533483483483483401e+00 1.403038590110110118e+00 3.354442507687304981e-08
1.534084084084084143e+00 1.403035906106105957e+00 7.427730510210299782e-08
1.534684684684684663e+00 1.403032412185870159e+00 2.371229811000301068e-08
1.535285285285285184e+00 1.403029661311311349e+00 1.583119372923036435e-08
1.535885885885885926e+00 1.403026766684684734e+00 1.485050281459458987e-08
1.536486486486486447e+00 1.403023502567567471e+00 1.597939493918924208e-08
1.537087087087086967e+00 1.403020756143099623e+00 1.895371589032448751e-08
1.537687687687687710e+00 1.403017873873873889e+00 2.324562763963949642e-08
1.538288288288288230e+00 1.403014657130301046e+00 2.940208719358290702e-08
1.538888888888888751e+00 1.403011845351473941e+00 3.967027762584852032e-08
1.539489489489489493e+00 1.403009236243139668e+00 5.619427786962616055e-08
1.540090090090090014e+00 1.403005913642213720e+00 8.652770769497307794e-08
1.540690690690690534e+00 1.403003000000000000e+00 1.463406053208879994e-07
1.541291291291291277e+00 1.403000000000000025e+00 3.119965756673736109e-07
1.541891891891891797e+00 1.402996089689689585e+00 8.233119876776348148e-07
1.542492492492492318e+00 1.402992000000000017e+00 3.345607810937773419e-06
1.543093093093093060e+00 1.402994999999999992e+00 2.100252579640098207e-06
1.543693693693693580e+00 1.402991000000000099e+00 4.346134731532814617e-07
1.544294294294294101e+00 1.402987114114114142e+00 1.783848178278664347e-07
1.544894894894894843e+00 1.402984000000000009e+00 9.661192937885204152e-08
1.545495495495495364e+00 1.402981000000000034e+00 8.258073518559442967e-08
1.546096096096096106e+00 1.402978032532532504e+00 4.381812721721754925e-08
1.546696696696696627e+00 1.402974818697943160e+00 3.822806278452055570e-08
1.547297297297297147e+00 1.402972236679536744e+00 3.684090162548268236e-08
1.547897897897897890e+00 1.402969314014014035e+00 3.714596013313296039e-08
1.548498498498498410e+00 1.402966106825006776e+00 4.094449795277058684e-08
1.549099099099099153e+00 1.402963502906132032e+00 4.347014773147425597e-08
1.549699699699699673e+00 1.402960900968710733e+00 5.187942677864773664e-08
1.550300300300300194e+00 1.402957398198198202e+00 7.746554967866771082e-08
1.550900900900900936e+00 1.402954695841995836e+00 1.207442025848947564e-07
1.551501501501501457e+00 1.402952092492492531e+00 1.279944971846836004e-07
1.552102102102101977e+00 1.402948785285285327e+00 1.324735006006001049e-07
1.552702702702702720e+00 1.402945899999999968e+00 1.322708781261261584e-07
1.553303303303303240e+00 1.402943376404976350e+00 1.248694488845989265e-07
1.553903903903903760e+00 1.402940156623289969e+00 1.261594070603918401e-07
1.554504504504504503e+00 1.402937179524979427e+00 1.334325838984440327e-07
1.555105105105105023e+00 1.402934629474474448e+00 1.335876099729733025e-07
1.555705705705705544e+00 1.402932063188995437e+00 1.154273340443743744e-07
1.556306306306306286e+00 1.402929070520520405e+00 1.054024586161161091e-07
1.556906906906906807e+00 1.402925867109967140e+00 1.061779231288430798e-07
1.557507507507507327e+00 1.402922642249942120e+00 1.047618087525992957e-07
1.558108108108108070e+00 1.402919704008502855e+00 1.031235411235955074e-07
1.558708708708708590e+00 1.402917167745523441e+00 1.032170178322761767e-07
1.559309309309309111e+00 1.402914046803946935e+00 1.122860815143696707e-07
1.559909909909909853e+00 1.402911053907395900e+00 1.175776858118581484e-07
1.560510510510510596e+00 1.402908458782311740e+00 1.171159278284164216e-07
1.561111111111110894e+00 1.402905938271604924e+00 1.177599388888875356e-07
1.561711711711711636e+00 1.402902373973974104e+00 1.095298170670690481e-07
1.562312312312312379e+00 1.402899850750750854e+00 1.036318462462459195e-07
1.562912912912912677e+00 1.402896448112046501e+00 1.042726316034048922e-07
1.563513513513513420e+00 1.402893715540540542e+00 1.108747876351351619e-07
1.564114114114114162e+00 1.402891195451006601e+00 1.129245247058169320e-07
1.564714714714714683e+00 1.402887986809886689e+00 1.133841963763765368e-07
1.565315315315315203e+00 1.402885098686186272e+00 1.093647079879893903e-07
1.565915915915915946e+00 1.402882316232021420e+00 1.002705845835314775e-07
1.566516516516516466e+00 1.402879033933933872e+00 8.454264773874136788e-08
1.567117117117116987e+00 1.402876485885885760e+00 6.982076045946028027e-08
1.567717717717717729e+00 1.402872929129129087e+00 6.730114946846833953e-08
1.568318318318318250e+00 1.402870411718947663e+00 6.918821554053996111e-08
1.568918918918918770e+00 1.402867352008765556e+00 8.330032152957535943e-08
1.569519519519519513e+00 1.402864332691311944e+00 8.205007813637767975e-08
1.570120120120120033e+00 1.402861765865865973e+00 8.952492234367568823e-08
1.570720720720720553e+00 1.402858309909909895e+00 1.011869393693641173e-07
1.571321321321321296e+00 1.402855181994494549e+00 1.180017695783251212e-07
1.571921921921921816e+00 1.402852274731874793e+00 1.345962146503591546e-07
1.572522522522522337e+00 1.402848711095305845e+00 1.592129826078614935e-07
1.573123123123123079e+00 1.402846000000000037e+00 2.032094136236290854e-07
1.573723723723723600e+00 1.402842830544830610e+00 3.081713334963208124e-07
1.574324324324324120e+00 1.402838999999999947e+00 5.283975709675389148e-07
1.574924924924924863e+00 1.402835717917917835e+00 5.060943053052880384e-07
1.575525525525525605e+00 1.402831001824901724e+00 8.066347393278625807e-07
1.576126126126125904e+00 1.402825687480584005e+00 1.575141608418379131e-06
1.576726726726726646e+00 1.402817999999999898e+00 4.517907970231426642e-06
1.577327327327327389e+00 1.402803261211211128e+00 2.498098969702970077e-05
1.577927927927927687e+00 1.402847227252252305e+00 1.539310536937841403e-05
1.578528528528528430e+00 1.402835242274092176e+00 4.817603282747073835e-06
1.579129129129129172e+00 1.402828606363119901e+00 1.569865286315944627e-06
1.579729729729729693e+00 1.402822999999999931e+00 7.920826739864894488e-07
1.580330330330330213e+00 1.402819000000000038e+00 4.986255815470640869e-07
1.580930930930930955e+00 1.402815026252058450e+00 3.518866798527507703e-07
1.581531531531531476e+00 1.402812187945088107e+00 2.718572408451330995e-07
1.582132132132131996e+00 1.402808552452452506e+00 2.300770072622692219e-07
1.582732732732732739e+00 1.402805175075074962e+00 2.052705245645650677e-07
1.583333333333333259e+00 1.402802059523809541e+00 1.925139302380958363e-07
1.583933933933933780e+00 1.402799237665165233e+00 1.808305562950479565e-07
1.584534534534534522e+00 1.402795708141474806e+00 1.744824148715380140e-07
1.585135135135135043e+00 1.402792880405405507e+00 1.721842697635141204e-07
1.585735735735735563e+00 1.402789757057056885e+00 1.668700958258284686e-07
1.586336336336336306e+00 1.402787303587371026e+00 1.603038870465077380e-07
1.586936936936936826e+00 1.402783852252252217e+00 1.519028719519524723e-07
1.587537537537537347e+00 1.402781091458124907e+00 1.431183656701161654e-07
1.588138138138138089e+00 1.402777947447447549e+00 1.335018098198202092e-07
1.588738738738738610e+00 1.402775459269796077e+00 1.284862438406826201e-07
1.589339339339339130e+00 1.402771942642642600e+00 1.470862000300090094e-07
1.589939939939939872e+00 1.402769500000000003e+00 2.122867404490818968e-07
1.590540540540540615e+00 1.402766157657657553e+00 2.756332959159233829e-07
1.591141141141140913e+00 1.402763356332803468e+00 2.716385741847708981e-07
1.591741741741741656e+00 1.402760252152152276e+00 2.733280064864864839e-07
1.592342342342342398e+00 1.402757656466636194e+00 2.692894774240343879e-07
1.592942942942942919e+00 1.402754816983650121e+00 2.591183088788775316e-07
1.593543543543543439e+00 1.402751999999999999e+00 2.466615445852765813e-07
1.594144144144144182e+00 1.402749000000000024e+00 2.534155448262582841e-07
1.594744744744744702e+00 1.402746000000000048e+00 2.271411310510485657e-07
1.595345345345345223e+00 1.402743000000000073e+00 1.380820048863285724e-07
1.595945945945945965e+00 1.402739950675675695e+00 1.082862500506744091e-07
1.596546546546546486e+00 1.402737520974820962e+00 9.394749047447522457e-08
1.597147147147147006e+00 1.402734164264264338e+00 8.348107049549715551e-08
1.597747747747747749e+00 1.402731586615186599e+00 7.387485749163531539e-08
1.598348348348348269e+00 1.402728768258258318e+00 6.795446447267273691e-08
1.598948948948948789e+00 1.402725758276795132e+00 6.834375795903259177e-08
1.599549549549549532e+00 1.402722501196719040e+00 7.040375464232849045e-08
1.600150150150150052e+00 1.402719903862953865e+00 7.593155503398744352e-08
1.600750750750750573e+00 1.402716999999999992e+00 1.067592071671662202e-07
1.601351351351351315e+00 1.402713985521235607e+00 9.786673930115511810e-08
1.601951951951951836e+00 1.402711000000000041e+00 1.861073254848709622e-07
1.602552552552552356e+00 1.402708000000000066e+00 1.389989996696738922e-07
1.603153153153153099e+00 1.402704954954955063e+00 2.180935229428871731e-07
1.603753753753753619e+00 1.402702274946374894e+00 3.135471140843870455e-07
1.604354354354354140e+00 1.402699278228228374e+00 1.405427520570634618e-07
1.604954954954954882e+00 1.402695770270270259e+00 1.408550666666610672e-07
1.605555555555555625e+00 1.402693067222222201e+00 1.711012571666705379e-07
1.606156156156155923e+00 1.402689474349349208e+00 2.254462005655421971e-07
1.606756756756756666e+00 1.402686000000000099e+00 3.242177624324311335e-07
1.607357357357357408e+00 1.402681999999999984e+00 5.279578883127319616e-07
1.607957957957957928e+00 1.402677684874347852e+00 1.052724039023074613e-06
1.608558558558558449e+00 1.402671000000000001e+00 3.382454487872083504e-06
1.609159159159159191e+00 1.402662805968468485e+00 2.092270591892083249e-05
1.609759759759759712e+00 1.402686000000000099e+00 7.238823118634592266e-06
1.610360360360360232e+00 1.402679167994310028e+00 2.512808491086553524e-06
1.610960960960960975e+00 1.402673614843414907e+00 7.900419769154639651e-07
1.611561561561561495e+00 1.402669950953127076e+00 4.344827195789689100e-07
1.612162162162162016e+00 1.402666439189189207e+00 2.819550009459798281e-07
1.612762762762762758e+00 1.402662805409519153e+00 2.056321909152936903e-07
1.613363363363363279e+00 1.402659256225456286e+00 1.597099987849434584e-07
1.613963963963963799e+00 1.402656456678417651e+00 1.326149664904124449e-07
1.614564564564564542e+00 1.402653103651927857e+00 1.160467502243642971e-07
1.615165165165165062e+00 1.402650499056198985e+00 1.041081334877741939e-07
1.615765765765765583e+00 1.402647253378378478e+00 9.896790293468574807e-08
1.616366366366366325e+00 1.402644000000000002e+00 9.890220757721522513e-08
1.616966966966966845e+00 1.402641079508920807e+00 1.594398009079583788e-07
1.617567567567567366e+00 1.402638425506756770e+00 1.243098072973130320e-07
1.618168168168168108e+00 1.402635615307199046e+00 1.021605005048316731e-07
1.618768768768768851e+00 1.402632335504735650e+00 8.811525187140927417e-08
1.619369369369369149e+00 1.402629483783783826e+00 8.004496897297524819e-08
1.619969969969969892e+00 1.402626597378459516e+00 7.578359788109773324e-08
1.620570570570570634e+00 1.402623370605388109e+00 7.245578723236247740e-08
1.621171171171170933e+00 1.402620870120120156e+00 7.054780273648687639e-08
1.621771771771771675e+00 1.402618049849849724e+00 7.325853008107915521e-08
1.622372372372372418e+00 1.402614999999999945e+00 9.080916249849197356e-08
1.622972972972972938e+00 1.402611999999999970e+00 6.745435574324288379e-08
1.623573573573573459e+00 1.402609222913611342e+00 6.368155302723672214e-08
1.624174174174174201e+00 1.402606031321644187e+00 6.142733998488792696e-08
1.624774774774774722e+00 1.402603382024881995e+00 5.990178250993848354e-08
1.625375375375375242e+00 1.402600740553887171e+00 5.929894544057398951e-08
1.625975975975975985e+00 1.402598103551827791e+00 5.924258332007871519e-08
1.626576576576576505e+00 1.402595274142227177e+00 5.952820202012643616e-08
1.627177177177177025e+00 1.402592343724447410e+00 5.956844744144149866e-08
1.627777777777777768e+00 1.402589350340136098e+00 5.887828089569154516e-08
1.628378378378378288e+00 1.402586449227799292e+00 5.677202719305048094e-08
1.628978978978978809e+00 1.402583500095549995e+00 5.476485670986930367e-08
1.629579579579579551e+00 1.402580568668668759e+00 5.410927950600599274e-08
1.630180180180180072e+00 1.402577667472735712e+00 5.496782631365554968e-08
1.630780780780780592e+00 1.402574228995662420e+00 5.610200860549416122e-08
1.631381381381381335e+00 1.402571760425541880e+00 5.740507557245599846e-08
1.631981981981981855e+00 1.402568460060060085e+00 5.995961355855828918e-08
1.632582582582582376e+00 1.402566158058058177e+00 6.522814422722415820e-08
1.633183183183183118e+00 1.402563217605105050e+00 7.320114669819660094e-08
1.633783783783783861e+00 1.402560464864864853e+00 9.569048908108756809e-08
1.634384384384384159e+00 1.402557000000000054e+00 2.558669435734854064e-07
1.634984984984984902e+00 1.402554999999999996e+00 9.876668085942485811e-08
1.635585585585585644e+00 1.402551511036036036e+00 8.598772147973040661e-08
1.636186186186185942e+00 1.402548757557557479e+00 7.689710703103469955e-08
1.636786786786786685e+00 1.402545845045044981e+00 7.117620752252342649e-08
1.637387387387387427e+00 1.402542770070070111e+00 6.801683833133102006e-08
1.637987987987987948e+00 1.402540148048047941e+00 6.735912982982983311e-08
1.638588588588588468e+00 1.402536851870051837e+00 6.774972062926547284e-08
1.639189189189189211e+00 1.402534188014100902e+00 1.065804595769546155e-07
1.639789789789789731e+00 1.402531856873001859e+00 5.976237482418056362e-08
1.640390390390390252e+00 1.402528940891955900e+00 5.370195633633910080e-08
1.640990990990990994e+00 1.402525937537537626e+00 4.799592690690691838e-08
1.641591591591591515e+00 1.402523332974150660e+00 4.580068292215748935e-08
1.642192192192192035e+00 1.402520041827541863e+00 4.534578428206770727e-08
1.642792792792792778e+00 1.402517524024023965e+00 4.590668048048039155e-08
1.643393393393393298e+00 1.402514326426426372e+00 4.718251857657639749e-08
1.643993993993993818e+00 1.402511627300027319e+00 4.917264873546234973e-08
1.644594594594594561e+00 1.402508723434410021e+00 5.245062767996031855e-08
1.645195195195195081e+00 1.402506025288446478e+00 5.625848362325414661e-08
1.645795795795795602e+00 1.402503218121569750e+00 5.969103223309449239e-08
1.646396396396396344e+00 1.402500317869108892e+00 6.270663307102909833e-08
1.646996996996996865e+00 1.402497413650013458e+00 6.535304344744679561e-08
1.647597597597597385e+00 1.402494613346680019e+00 6.743849505205153158e-08
1.648198198198198128e+00 1.402491741062114716e+00 6.908606693797968401e-08
1.648798798798798870e+00 1.402488826770888597e+00 7.125468579279333208e-08
1.649399399399399169e+00 1.402485814447781198e+00 7.414332149215747331e-08
1.649999999999999911e+00 1.402482599999999913e+00 7.770764000000000112e-08
