 # *** PROJECT PARAMETERS ***
 
 # Number of wavelengths            :          100
 # Number of chemical components    :            3
 # Relative abundances [%]          : 
 #            1 . component:    62.50000    
 #            2 . component:    25.00000    
 #            3 . component:    12.50000    
 # Name(s) of the dust data file(s) :
 #            1 . component: silicate
 #            2 . component: grap-per
 #            3 . component: grap-par
 # Minimum grain radius [micron]    :    100000.0    
 # Maximum grain radius [micron]    :    100000.0    
 # Size distribution exponent       :   0.0000000E+00
 # Number of size bins              :            1
 
 
 # *** RESULTS ***
 
 # 1. Wavelength [micron], Extinction efficiency factor / cross section [m^2]
  5.000000000000000E-002   1.34425083271595       4.223088540642379E-002
  5.564875580135440E-002   1.35529519039833       4.257785413600983E-002
  6.193568044477550E-002   1.63339408101989       5.131458845349143E-002
  6.893287112924060E-002   2.00004563292689       6.283328667247480E-002
  7.672057024314689E-002   2.00004908693047       6.283339518319751E-002
  8.538808556803081E-002   2.00005275965985       6.283351056539385E-002
  9.503481444241001E-002   2.00005672033843       6.283363499378122E-002
  0.105771383630654        2.00006093039123       6.283376725649067E-002
  0.117720917968673        2.00006536844592       6.283390668209052E-002
  0.131020452334999        2.00007016024473       6.283405722088996E-002
  0.145822503139467        2.00007525608285       6.283421731136600E-002
  0.162296817351009        2.00008072110364       6.283438900005765E-002
  0.180632319122066        2.00008672381500       6.283457758079669E-002
  0.201039276333123        2.00009323919083       6.283478226736511E-002
  0.223751711902859        2.00010026665228       6.283500304157796E-002
  0.249030087516345        2.00010785689548       6.283524149610067E-002
  0.277164290547740        2.00011592767980       6.283549504726796E-002
  0.308476958430936        2.00012445413078       6.283576291362560E-002
  0.343327178601354        2.00013360749585       6.283605047507011E-002
  0.382114606439095        2.00014347217919       6.283636038323713E-002
  0.425284048437196        2.00015407833602       6.283669358548111E-002
  0.473330563153858        2.00016547113373       6.283705150077694E-002
  0.526805138445332        2.00017772077523       6.283743633461454E-002
  0.586321010084860        2.00019089444978       6.283785019780611E-002
  0.652560694228316        2.00020506050734       6.283829523763003E-002
  0.726283814373477        2.00022029272763       6.283877377194343E-002
  0.808335812570917        2.00023666699671       6.283928818477799E-002
  0.899657644784966        2.00025426754625       6.283984112234929E-002
   1.00129657158920        2.00027318192294       6.284043533501792E-002
   1.11441816794202        2.00029350884789       6.284107392419870E-002
   1.24031968976797        2.00031535394285       6.284176020809731E-002
   1.38044495063018        2.00033884454879       6.284249818724771E-002
   1.53640087909664        2.00036408961649       6.284329128443986E-002
   1.70997594667670        2.00039124948090       6.284414453674493E-002
   1.90316067765603        2.00042045496639       6.284506205413160E-002
   2.11817047603241        2.00045187144934       6.284604903205210E-002
   2.35747103132732        2.00048566463579       6.284711067631499E-002
   2.62380659462202        2.00052204212380       6.284825350880588E-002
   2.92023144908208        2.00056119284833       6.284948346509149E-002
   3.25014493586808        2.00060332850771       6.285080719587116E-002
   3.61733043710263        2.00064869491498       6.285223242358902E-002
   4.02599876294262        2.00069754410154       6.285376706604527E-002
   4.48083644031097        2.00075018876209       6.285542094683388E-002
   4.98705945705351        2.00080689991276       6.285720258017702E-002
   5.55047307784811        2.00086806729380       6.285912421012615E-002
   6.17753841782323        2.00093391528231       6.286119288569558E-002
   6.87544653733861        2.00100470234214       6.286341672676712E-002
   7.65220090763248        2.00107733581578       6.286569857463892E-002
   8.51670919303484        2.00115090420987       6.286800979390292E-002
   9.47888540228692        2.00125596158081       6.287131026855064E-002
   10.5497635804178        2.00136337003688       6.287468460471571E-002
   11.7416243449738        2.00147160265335       6.287808483264355E-002
   13.0681357176937        2.00158398873205       6.288161554543564E-002
   14.5445098666579        2.00170482248151       6.288541164963171E-002
   16.1876775564007        2.00184183961640       6.288971616987574E-002
   18.0164823065441        2.00200009340752       6.289468785935150E-002
   20.0518964855259        2.00217901115017       6.290030872601039E-002
   22.3172618175414        2.00237173811494       6.290636342217733E-002
   24.8385570607850        2.00258382687990       6.291302638723621E-002
   27.6446959266726        2.00281695691786       6.292035038338206E-002
   30.7678586565220        2.00306275439489       6.292807233886319E-002
   34.2438610581476        2.00331054951775       6.293585705223891E-002
   38.1125652344073        2.00355012062696       6.294338340060598E-002
   42.4183367138545        2.00377822272311       6.295054943930142E-002
   47.2105532257783        2.00398138268886       6.295693189786035E-002
   52.5441709541636        2.00417097563156       6.296288813582011E-002
   58.4803547642573        2.00438192875187       6.296951542355016E-002
   65.0871796290546        2.00461957986284       6.297698145339357E-002
   72.4404112995229        2.00488728714850       6.298539172581309E-002
   80.6243751711365        2.00518647991088       6.299479114365601E-002
   89.7329233107071        2.00553319669743       6.300568357275088E-002
   99.8705107331839        2.00592706223506       6.301805722354609E-002
   111.153393270950        2.00639893705270       6.303288160815147E-002
   123.710960772540        2.00701298040230       6.305217234891221E-002
   137.687220919640        2.00783296813464       6.307793302327187E-002
   153.242450678484        2.00872604247367       6.310598978109767E-002
   170.555034324161        2.00932503650223       6.312480773349462E-002
   189.823509115937        2.00967614770509       6.313583821724947E-002
   211.268842082979        2.00999017148346       6.314570356520112E-002
   235.136964030212        2.01036007225424       6.315732434064165E-002
   261.701589823782        2.01080837039880       6.317140804221744E-002
   291.267357298598        2.01133721849018       6.318802229500473E-002
   324.173320784310        2.01194320732699       6.320705999578358E-002
   360.796839312804        2.01262083494904       6.322834829537653E-002
   401.557904096374        2.01336600559323       6.325175852159109E-002
   446.923954903256        2.01417489804118       6.327717062731131E-002
   497.415240563737        2.01504435028872       6.330448527524662E-002
   553.610785080067        2.01597124766905       6.333360461525342E-002
   616.155027758334        2.01695431258559       6.336448851045137E-002
   685.765213510006        2.01799276113380       6.339711233375343E-002
   763.239618073639        2.01908711118473       6.343149235455789E-002
   849.466702481980        2.02023869917926       6.346767055839365E-002
   945.435301756029        2.02145059272821       6.350574331709666E-002
   1052.24596466802        2.02273027383351       6.354594568469030E-002
   1171.12357461543        2.02407489038063       6.358818805935360E-002
   1303.43139633966        2.02548837298733       6.363259392508544E-002
   1450.68670957448        2.02697287988381       6.367923108468714E-002
   1614.57820890761        2.02856449799593       6.372923324237093E-002
   1796.98536939376        2.03025523779882       6.378234939980959E-002
   2000.00000000000        2.03203820680550       6.383836302313924E-002
 
 # 2. Wavelength [micron], Scattering efficiency factor / cross section [m^2]
  5.000000000000000E-002  0.731763632480501       2.298903251964923E-002
  5.564875580135440E-002  0.770863586645914       2.421739380726682E-002
  6.193568044477550E-002   1.02743208527900       3.227773091174960E-002
  6.893287112924060E-002   1.31934061914576       4.144830796690930E-002
  7.672057024314689E-002   1.29576513164854       4.070766218364873E-002
  8.538808556803081E-002   1.26544754598524       3.975520713970458E-002
  9.503481444241001E-002   1.26836155737288       3.984675350738346E-002
  0.105771383630654        1.24510708734063       3.911619278521909E-002
  0.117720917968673        1.20578367773469       3.788081143789788E-002
  0.131020452334999        1.18310805332393       3.716843568725368E-002
  0.145822503139467        1.15530364858622       3.629493455063944E-002
  0.162296817351009        1.14683614330989       3.602892002693599E-002
  0.180632319122066        1.17222207766519       3.682644267568740E-002
  0.201039276333123        1.20890580157902       3.797889585122736E-002
  0.223751711902859        1.23180615491264       3.869833166920247E-002
  0.249030087516345        1.23388116859066       3.876352014647200E-002
  0.277164290547740        1.21868237052193       3.828603582291101E-002
  0.308476958430936        1.20297833557058       3.779267901456211E-002
  0.343327178601354        1.19374576460086       3.750262924323994E-002
  0.382114606439095        1.18996784217069       3.738394230971539E-002
  0.425284048437196        1.18845076939942       3.733628206298342E-002
  0.473330563153858        1.18734942698517       3.730168237060667E-002
  0.526805138445332        1.18690269027172       3.728764772283590E-002
  0.586321010084860        1.18748136967904       3.730582747258405E-002
  0.652560694228316        1.18887094700011       3.734948233161875E-002
  0.726283814373477        1.19093207969404       3.741423472491221E-002
  0.808335812570917        1.19333297901800       3.748966120169361E-002
  0.899657644784966        1.19593653303560       3.757145426344280E-002
   1.00129657158920        1.19849129615232       3.765171451383433E-002
   1.11441816794202        1.20100477915375       3.773067791115649E-002
   1.24031968976797        1.20339264524837       3.780569493696265E-002
   1.38044495063018        1.20596784256574       3.788659714670049E-002
   1.53640087909664        1.20837911094811       3.796234937705936E-002
   1.70997594667670        1.21106187750115       3.804663097400272E-002
   1.90316067765603        1.21370868398683       3.812978285211152E-002
   2.11817047603241        1.21637848495635       3.821365712323565E-002
   2.35747103132732        1.21903223124755       3.829702702176488E-002
   2.62380659462202        1.22179821492033       3.838392296162831E-002
   2.92023144908208        1.22450924820533       3.846909258414625E-002
   3.25014493586808        1.22707237276471       3.854961551700604E-002
   3.61733043710263        1.22953121927740       3.862686245841183E-002
   4.02599876294262        1.23167772650576       3.869429697180672E-002
   4.48083644031097        1.23354578742881       3.875298383652987E-002
   4.98705945705351        1.23474476602501       3.879065086002625E-002
   5.55047307784811        1.23529866582001       3.880805213529413E-002
   6.17753841782323        1.23443812359246       3.878101740389246E-002
   6.87544653733861        1.23074710765944       3.866506071849783E-002
   7.65220090763248        1.21832924728226       3.827494212915543E-002
   8.51670919303484        1.25240678725348       3.934551962141536E-002
   9.47888540228692        1.32242843758866       4.154531464426777E-002
   10.5497635804178        1.34293059698005       4.218940897753483E-002
   11.7416243449738        1.34071702951189       4.211986770457273E-002
   13.0681357176937        1.32820289287748       4.172672450740590E-002
   14.5445098666579        1.30719373848786       4.106670245652048E-002
   16.1876775564007        1.31248041908284       4.123278842571089E-002
   18.0164823065441        1.34271579015977       4.218266062224948E-002
   20.0518964855259        1.37310822427813       4.313746709975898E-002
   22.3172618175414        1.38858145241068       4.362357289804430E-002
   24.8385570607850        1.40143039469995       4.402723432506804E-002
   27.6446959266726        1.41299080269459       4.439041525335267E-002
   30.7678586565220        1.42422967964545       4.474349498598681E-002
   34.2438610581476        1.43394786735978       4.504880085728235E-002
   38.1125652344073        1.44264207027909       4.532193729748370E-002
   42.4183367138545        1.45153577598508       4.560134130257476E-002
   47.2105532257783        1.45857906280296       4.582261268381663E-002
   52.5441709541636        1.46380931173373       4.598692579999033E-002
   58.4803547642573        1.46777683656257       4.611156926854246E-002
   65.0871796290546        1.47093577903639       4.621081037323091E-002
   72.4404112995229        1.47332609143952       4.628590425208561E-002
   80.6243751711365        1.47501841815357       4.633907026380900E-002
   89.7329233107071        1.47580876450480       4.636389972671694E-002
   99.8705107331839        1.47606182013596       4.637184970383502E-002
   111.153393270950        1.47470239726703       4.632914217485347E-002
   123.710960772540        1.47310755999737       4.627903888435336E-002
   137.687220919640        1.47694555855071       4.639961316494984E-002
   153.242450678484        1.49071914637175       4.683232318807142E-002
   170.555034324161        1.50327355923314       4.722673170022629E-002
   189.823509115937        1.51118043010699       4.747513337472777E-002
   211.268842082979        1.51644761555152       4.764060688570425E-002
   235.136964030212        1.52039646381311       4.776466361259178E-002
   261.701589823782        1.52367093091496       4.786753403050769E-002
   291.267357298598        1.52654711955757       4.795789216160713E-002
   324.173320784310        1.52917544483946       4.804046343557543E-002
   360.796839312804        1.53164786061550       4.811813666796165E-002
   401.557904096374        1.53404863999588       4.819355937660484E-002
   446.923954903256        1.53634942909876       4.826584079803550E-002
   497.415240563737        1.53859686349929       4.833644603205679E-002
   553.610785080067        1.54082844523420       4.840655323989940E-002
   616.155027758334        1.54302707899207       4.847562535651605E-002
   685.765213510006        1.54520261894967       4.854397195999993E-002
   763.239618073639        1.54733910749275       4.861109172711412E-002
   849.466702481980        1.54945516334457       4.867756958230061E-002
   945.435301756029        1.55155633668947       4.874357988974323E-002
   1052.24596466802        1.55395839950591       4.881904291871917E-002
   1171.12357461543        1.55681590438029       4.890881408192855E-002
   1303.43139633966        1.55912146396043       4.898124537232243E-002
   1450.68670957448        1.56128351037415       4.904916806362324E-002
   1614.57820890761        1.56333762546230       4.911369999232880E-002
   1796.98536939376        1.56537781507456       4.917779443930691E-002
   2000.00000000000        1.56747124119150       4.924356136040495E-002
 
 # 3. Wavelength [micron], Backscattering efficiency factor/cross section [m^2]
  5.000000000000000E-002  0.174029454773743       5.467296566254283E-003
  5.564875580135440E-002  7.344876784985103E-002  2.307461094923142E-003
  6.193568044477550E-002  0.506910515870580       1.592506352686426E-002
  6.893287112924060E-002  0.219392270136446       6.892411441150464E-003
  7.672057024314689E-002  0.218358209648876       6.859925472839284E-003
  8.538808556803081E-002  0.198638795563296       6.240421808595742E-003
  9.503481444241001E-002  0.210995262886253       6.628611678256999E-003
  0.105771383630654       0.196070618860522       6.159740157970201E-003
  0.117720917968673       0.156405956933243       4.913638052791575E-003
  0.131020452334999       0.134305104462239       4.219319295181792E-003
  0.145822503139467       0.105499090770329       3.314351685244691E-003
  0.162296817351009       9.143037802211898E-002  2.872370039092267E-003
  0.180632319122066       0.105577915199236       3.316828027712462E-003
  0.201039276333123       0.148112926027209       4.653104803087667E-003
  0.223751711902859       0.180438338867599       5.668637598123960E-003
  0.249030087516345       0.187969366052986       5.905231794919906E-003
  0.277164290547740       0.175202983065066       5.504164044842276E-003
  0.308476958430936       0.159515807135690       5.011336878289310E-003
  0.343327178601354       0.149839106334303       4.707334356803066E-003
  0.382114606439095       0.145940533410801       4.584857076243481E-003
  0.425284048437196       0.144624794612610       4.543521922819078E-003
  0.473330563153858       0.143659763068568       4.513204562726650E-003
  0.526805138445332       0.143311238769641       4.502255348955567E-003
  0.586321010084860       0.144114270140052       4.527483323494418E-003
  0.652560694228316       0.145839398967351       4.581679843997806E-003
  0.726283814373477       0.148357821808924       4.660798430974993E-003
  0.808335812570917       0.151285721104394       4.752781100145980E-003
  0.899657644784966       0.154451456969180       4.852235625506162E-003
   1.00129657158920       0.157562018502269       4.949956798115075E-003
   1.11441816794202       0.160608669486690       5.045670161622154E-003
   1.24031968976797       0.163479273512537       5.135852846811817E-003
   1.38044495063018       0.166551217855676       5.232360824618258E-003
   1.53640087909664       0.169415079352340       5.322331687006423E-003
   1.70997594667670       0.172559001373761       5.421100910265986E-003
   1.90316067765603       0.175657309993908       5.518437146262079E-003
   2.11817047603241       0.178759710428327       5.615901930394717E-003
   2.35747103132732       0.181831807965403       5.712414720930617E-003
   2.62380659462202       0.185010368542819       5.812272146520600E-003
   2.92023144908208       0.188122240757723       5.910034495413124E-003
   3.25014493586808       0.191060233979985       6.002334274646690E-003
   3.61733043710263       0.193878169704289       6.090862336344299E-003
   4.02599876294262       0.196361357801252       6.168873991173294E-003
   4.48083644031097       0.198564268249180       6.238080463970582E-003
   4.98705945705351       0.200106306915266       6.286525037419835E-003
   5.55047307784811       0.201088318692982       6.317375847285957E-003
   6.17753841782323       0.200826094090537       6.309137818439632E-003
   6.87544653733861       0.198374131286332       6.232107135113964E-003
   7.65220090763248       0.190678874353823       5.990353508647428E-003
   8.51670919303484       0.207083918723033       6.505733177368661E-003
   9.47888540228692       0.273235152079334       8.583935464749268E-003
   10.5497635804178       0.306110227879973       9.616736430964196E-003
   11.7416243449738       0.309689142309112       9.729171343748289E-003
   13.0681357176937       0.297928239213279       9.359691676093790E-003
   14.5445098666579       0.273242107622566       8.584153979584438E-003
   16.1876775564007       0.275484056275974       8.654586873777187E-003
   18.0164823065441       0.305957122041493       9.611926469190304E-003
   20.0518964855259       0.341349600605773       1.072381397568906E-002
   22.3172618175414       0.360132389202102       1.131389268237064E-002
   24.8385570607850       0.375173108407537       1.178641081197565E-002
   27.6446959266726       0.388416953842761       1.220247848722145E-002
   30.7678586565220       0.401321476225880       1.260788601439035E-002
   34.2438610581476       0.412586742317671       1.296179478633739E-002
   38.1125652344073       0.422807542881535       1.328289070598983E-002
   42.4183367138545       0.433471831258366       1.361791920619398E-002
   47.2105532257783       0.442154632111734       1.389069743992922E-002
   52.5441709541636       0.448945577730625       1.410404128860159E-002
   58.4803547642573       0.454278864087276       1.427159142097702E-002
   65.0871796290546       0.458603418802117       1.440745131419893E-002
   72.4404112995229       0.461959823388369       1.451289587410538E-002
   80.6243751711365       0.464479340761203       1.459204884679627E-002
   89.7329233107071       0.465995264163084       1.463967298502381E-002
   99.8705107331839       0.466847432295827       1.466644463647828E-002
   111.153393270950       0.466093265777055       1.464275179652871E-002
   123.710960772540       0.464890437836627       1.460496384231689E-002
   137.687220919640       0.468432176105103       1.471623083156871E-002
   153.242450678484       0.480824540006438       1.510554842549918E-002
   170.555034324161       0.491937228351850       1.545466382617496E-002
   189.823509115937       0.498959584810103       1.567527766077634E-002
   211.268842082979       0.503712624387741       1.582459880296961E-002
   235.136964030212       0.507309421197901       1.593759550732216E-002
   261.701589823782       0.510286450595679       1.603112164417798E-002
   291.267357298598       0.512869257327054       1.611226291070726E-002
   324.173320784310       0.515179033626428       1.618482667324277E-002
   360.796839312804       0.517300418093190       1.625147193180493E-002
   401.557904096374       0.519317999354520       1.631485611649110E-002
   446.923954903256       0.521186979450832       1.637357185789389E-002
   497.415240563737       0.522960528362888       1.642928954022285E-002
   553.610785080067       0.524679435785774       1.648329060954224E-002
   616.155027758334       0.526322024873370       1.653489406764684E-002
   685.765213510006       0.527899342052641       1.658444694827464E-002
   763.239618073639       0.529392689611828       1.663136184548662E-002
   849.466702481980       0.530823786511457       1.667632108055111E-002
   945.435301756029       0.532200188862005       1.671956203567975E-002
   1052.24596466802       0.533918065901468       1.677353073454922E-002
   1171.12357461543       0.536158141450273       1.684390478342534E-002
   1303.43139633966       0.537666328836368       1.689128588754927E-002
   1450.68670957448       0.538944629425492       1.693144488494800E-002
   1614.57820890761       0.540076022498082       1.696698864659969E-002
   1796.98536939376       0.541155641262012       1.700090587037411E-002
   2000.00000000000       0.542247190783537       1.703519790995264E-002
 
 # 4. Wavelength [micron], Absorption efficiency factor / cross section [m^2]
  5.000000000000000E-002  0.612487200235445       1.924185288677456E-002
  5.564875580135440E-002  0.584431603752419       1.836046032874301E-002
  6.193568044477550E-002  0.605961995740888       1.903685754174184E-002
  6.893287112924060E-002  0.680705013781133       2.138497870556548E-002
  7.672057024314689E-002  0.704283955281932       2.212573299954879E-002
  8.538808556803081E-002  0.734605213674614       2.307830342568928E-002
  9.503481444241001E-002  0.731695162965556       2.298688148639776E-002
  0.105771383630654       0.754953843050604       2.371757447127159E-002
  0.117720917968673       0.794281690711224       2.495309524419263E-002
  0.131020452334999       0.816962106920801       2.566562153363627E-002
  0.145822503139467       0.844771607496631       2.653928276072656E-002
  0.162296817351009       0.853244577793749       2.680546897312166E-002
  0.180632319122066       0.827864646149801       2.600813490510927E-002
  0.201039276333123       0.791187437611804       2.485588641613776E-002
  0.223751711902859       0.768294111739640       2.413667137237549E-002
  0.249030087516345       0.766226688304823       2.407172134962868E-002
  0.277164290547740       0.781433557157867       2.454945922435696E-002
  0.308476958430936       0.797146118560202       2.504308389906348E-002
  0.343327178601354       0.806387842894989       2.533342123183017E-002
  0.382114606439095       0.810175630008496       2.545241807352173E-002
  0.425284048437196       0.811703308936606       2.550041152249767E-002
  0.473330563153858       0.812816044148558       2.553536913017028E-002
  0.526805138445332       0.813275030503517       2.554978861177865E-002
  0.586321010084860       0.812709524770739       2.553202272522205E-002
  0.652560694228316       0.811334113507238       2.548881290601127E-002
  0.726283814373477       0.809288213033585       2.542453904703121E-002
  0.808335812570917       0.806903687978714       2.534962698308439E-002
  0.899657644784966       0.804317734510652       2.526838685890649E-002
   1.00129657158920       0.801781885770623       2.518872082118359E-002
   1.11441816794202       0.799288729694138       2.511039601304221E-002
   1.24031968976797       0.796922708694482       2.503606527113465E-002
   1.38044495063018       0.794371001983053       2.495590104054722E-002
   1.53640087909664       0.791984978668380       2.488094190738050E-002
   1.70997594667670       0.789329371979748       2.479751356274221E-002
   1.90316067765603       0.786711770979561       2.471527920202006E-002
   2.11817047603241       0.784073386492989       2.463239190881646E-002
   2.35747103132732       0.781453433388238       2.455008365455011E-002
   2.62380659462202       0.778723827203472       2.446433054717757E-002
   2.92023144908208       0.776051944643001       2.438039088094525E-002
   3.25014493586808       0.773530955743004       2.430119167886513E-002
   3.61733043710263       0.771117475637577       2.422536996517720E-002
   4.02599876294262       0.769019817595777       2.415947009423855E-002
   4.48083644031097       0.767204401333284       2.410243711030400E-002
   4.98705945705351       0.766062133887750       2.406655172015076E-002
   5.55047307784811       0.765569401473793       2.405107207483202E-002
   6.17753841782323       0.766495791689846       2.408017548180312E-002
   6.87544653733861       0.770257594682704       2.419835600826929E-002
   7.65220090763248       0.782748088533517       2.459075644548349E-002
   8.51670919303484       0.748744116956385       2.352249017248756E-002
   9.47888540228692       0.678827523992150       2.132599562428286E-002
   10.5497635804178       0.658432773056829       2.068527562718088E-002
   11.7416243449738       0.660754573141463       2.075821712807081E-002
   13.0681357176937       0.673381095854574       2.115489103802973E-002
   14.5445098666579       0.694511083993646       2.181870919311123E-002
   16.1876775564007       0.689361420533569       2.165692774416485E-002
   18.0164823065441       0.659284303247751       2.071202723710202E-002
   20.0518964855259       0.629070786872037       1.976284162625142E-002
   22.3172618175414       0.613790285704266       1.928279052413303E-002
   24.8385570607850       0.601153432179949       1.888579206216816E-002
   27.6446959266726       0.589826154223268       1.852993513002939E-002
   30.7678586565220       0.578833074749442       1.818457735287637E-002
   34.2438610581476       0.569362682157969       1.788705619495655E-002
   38.1125652344073       0.560908050347866       1.762144610312228E-002
   42.4183367138545       0.552242446738036       1.734920813672666E-002
   47.2105532257783       0.545402319885899       1.713431921404372E-002
   52.5441709541636       0.540361663897829       1.697596233582978E-002
   58.4803547642573       0.536605092189297       1.685794615500771E-002
   65.0871796290546       0.533683800826454       1.676617108016267E-002
   72.4404112995229       0.531561195708984       1.669948747372749E-002
   80.6243751711365       0.530168061757309       1.665572087984701E-002
   89.7329233107071       0.529724432192631       1.664178384603394E-002
   99.8705107331839       0.529865242099099       1.664620751971106E-002
   111.153393270950       0.531696539785678       1.670373943329800E-002
   123.710960772540       0.533905420404926       1.677313346455885E-002
   137.687220919640       0.530887409583934       1.667831985832203E-002
   153.242450678484       0.518006896101914       1.627366659302625E-002
   170.555034324161       0.506051477269089       1.589807603326833E-002
   189.823509115937       0.498495717598102       1.566070484252169E-002
   211.268842082979       0.493542555931932       1.550509667949687E-002
   235.136964030212       0.489963608441126       1.539266072804988E-002
   261.701589823782       0.487137439483840       1.530387401170975E-002
   291.267357298598       0.484790098932611       1.523013013339759E-002
   324.173320784310       0.482767762487533       1.516659656020815E-002
   360.796839312804       0.480972974333542       1.511021162741489E-002
   401.557904096374       0.479317365597343       1.505819914498625E-002
   446.923954903256       0.477825468942412       1.501132982927581E-002
   497.415240563737       0.476447486789427       1.496803924318984E-002
   553.610785080067       0.475142802434853       1.492705137535402E-002
   616.155027758334       0.473927233593519       1.488886315393533E-002
   685.765213510006       0.472790142184135       1.485314037375351E-002
   763.239618073639       0.471748003691980       1.482040062744376E-002
   849.466702481980       0.470783535834695       1.479010097609305E-002
   945.435301756029       0.469894256038738       1.476216342735342E-002
   1052.24596466802       0.468771874327602       1.472690276597113E-002
   1171.12357461543       0.467258986000347       1.467937397742505E-002
   1303.43139633966       0.466366909026904       1.465134855276301E-002
   1450.68670957448       0.465689369509653       1.463006302106388E-002
   1614.57820890761       0.465226872533632       1.461553325004213E-002
   1796.98536939376       0.464877422724252       1.460455496050268E-002
   2000.00000000000       0.464566965613995       1.459480166273429E-002
 
 # 5. Wavelength [micron], Albedo
  5.000000000000000E-002  0.544365392731083     
  5.564875580135440E-002  0.568779105915185     
  6.193568044477550E-002  0.629016657534032     
  6.893287112924060E-002  0.659655258572785     
  7.672057024314689E-002  0.647866664931302     
  8.538808556803081E-002  0.632707082287395     
  9.503481444241001E-002  0.634162793722298     
  0.105771383630654       0.622534578032617     
  0.117720917968673       0.602872134460088     
  0.131020452334999       0.591533275602273     
  0.145822503139467       0.577630089204184     
  0.162296817351009       0.573394929119195     
  0.180632319122066       0.586085625041939     
  0.201039276333123       0.604424722753479     
  0.223751711902859       0.615872201734370     
  0.249030087516345       0.616907315441408     
  0.277164290547740       0.609305867553210     
  0.308476958430936       0.601451741208460     
  0.343327178601354       0.596833011618369     
  0.382114606439095       0.594941242327083     
  0.425284048437196       0.594179609596935     
  0.473330563153858       0.593625599542102     
  0.526805138445332       0.593398615504873     
  0.586321010084860       0.593684019347411     
  0.652560694228316       0.594374532128498     
  0.726283814373477       0.595400458651488     
  0.808335812570917       0.596595892229966     
  0.899657644784966       0.597892254219598     
   1.00129657158920       0.599163807715585     
   1.11441816794202       0.600414276125654     
   1.24031968976797       0.601601463927347     
   1.38044495063018       0.602881779680563     
   1.53640087909664       0.604079585921671     
   1.70997594667670       0.605412505086403     
   1.90316067765603       0.606726791347082     
   2.11817047603241       0.608051861840134     
   2.35747103132732       0.609368141345562     
   2.62380659462202       0.610739691537335     
   2.92023144908208       0.612082875836412     
   3.25014493586808       0.613351160262242     
   3.61733043710263       0.614566276629417     
   4.02599876294262       0.615624150755318     
   4.48083644031097       0.616541632412406     
   4.98705945705351       0.617123404601838     
   5.55047307784811       0.617381368623052     
   6.17753841782323       0.616930981160513     
   6.87544653733861       0.615064575419973     
   7.65220090763248       0.608836662869697     
   8.51670919303484       0.625843250810704     
   9.47888540228692       0.660799249559294     
   10.5497635804178       0.671007882469291     
   11.7416243449738       0.669865626739095     
   13.0681357176937       0.663575898066040     
   14.5445098666579       0.653040210427898     
   16.1876775564007       0.655636420974364     
   18.0164823065441       0.670687176579692     
   20.0518964855259       0.685806921674470     
   22.3172618175414       0.693468363530692     
   24.8385570607850       0.699811101981899     
   27.6446959266726       0.705501717375634     
   30.7678586565220       0.711025990833571     
   34.2438610581476       0.715789106039985     
   38.1125652344073       0.720042915536176     
   42.4183367138545       0.724399416823912     
   47.2105532257783       0.727840625368435     
   52.5441709541636       0.730381454243170     
   58.4803547642573       0.732284010102086     
   65.0871796290546       0.733773027966249     
   72.4404112995229       0.734867291983776     
   80.6243751711365       0.735601617570815     
   89.7329233107071       0.735868529593554     
   99.8705107331839       0.735850195116911     
   111.153393270950       0.734999590576581     
   123.710960772540       0.733980086019221     
   137.687220919640       0.735591845532276     
   153.242450678484       0.742121680533394     
   170.555034324161       0.748148523471341     
   189.823509115937       0.751952214705166     
   211.268842082979       0.754455239167823     
   235.136964030212       0.756280670710036     
   261.701589823782       0.757740495486785     
   291.267357298598       0.758971248343666     
   324.173320784310       0.760049010961436     
   360.796839312804       0.761021566515920     
   401.557904096374       0.761932324144852     
   446.923954903256       0.762768630764336     
   497.415240563737       0.763554838521961     
   553.610785080067       0.764310724677134     
   616.155027758334       0.765028275238432     
   685.765213510006       0.765712666918340     
   763.239618073639       0.766355794616917     
   849.466702481980       0.766966380742060     
   945.435301756029       0.767546009915307     
   1052.24596466802       0.768247956540850     
   1171.12357461543       0.769149358938751     
   1303.43139633966       0.769750883171413     
   1450.68670957448       0.770253773925013     
   1614.57820890761       0.770662025785603     
   1796.98536939376       0.771025133160958     
   2000.00000000000       0.771378823460054     
 
 # 6. Wavelength [micron], Scattering asymmetry factor g
  5.000000000000000E-002  0.904868766536477     
  5.564875580135440E-002  0.853898881055024     
  6.193568044477550E-002  0.790588406029312     
  6.893287112924060E-002  0.805659176726414     
  7.672057024314689E-002  0.811764947251805     
  8.538808556803081E-002  0.826775585856340     
  9.503481444241001E-002  0.820446826358041     
  0.105771383630654       0.831808151122069     
  0.117720917968673       0.859358402013742     
  0.131020452334999       0.875755407378363     
  0.145822503139467       0.897711354197871     
  0.162296817351009       0.907613041564721     
  0.180632319122066       0.892682062721396     
  0.201039276333123       0.862546812712164     
  0.223751711902859       0.842387309027474     
  0.249030087516345       0.838333519152712     
  0.277164290547740       0.847471053706218     
  0.308476958430936       0.858539354372496     
  0.343327178601354       0.865450367256794     
  0.382114606439095       0.868280890204461     
  0.425284048437196       0.869286112548083     
  0.473330563153858       0.870025477156665     
  0.526805138445332       0.870306596517816     
  0.586321010084860       0.869762644837365     
  0.652560694228316       0.868561460451310     
  0.726283814373477       0.866802717022680     
  0.808335812570917       0.864761951734892     
  0.899657644784966       0.862560803245559     
   1.00129657158920       0.860406087664903     
   1.11441816794202       0.858301199825476     
   1.24031968976797       0.856322436954808     
   1.38044495063018       0.854209924520602     
   1.53640087909664       0.852246447016300     
   1.70997594667670       0.850094680711779     
   1.90316067765603       0.847982781180879     
   2.11817047603241       0.845874692456139     
   2.35747103132732       0.843794726243736     
   2.62380659462202       0.841650047390004     
   2.92023144908208       0.839559707544888     
   3.25014493586808       0.837595454248984     
   3.61733043710263       0.835720578661892     
   4.02599876294262       0.834081703591613     
   4.48083644031097       0.832643319937902     
   4.98705945705351       0.831665891136315     
   5.55047307784811       0.831090956356522     
   6.17753841782323       0.831398821394449     
   6.87544653733861       0.833316705711301     
   7.65220090763248       0.839406039735329     
   8.51670919303484       0.825488488814262     
   9.47888540228692       0.782330610012641     
   10.5497635804178       0.764762460435517     
   11.7416243449738       0.763355417367475     
   13.0681357176937       0.770280921712592     
   14.5445098666579       0.784685996671678     
   16.1876775564007       0.783004650663259     
   18.0164823065441       0.765034294859963     
   20.0518964855259       0.745655713073752     
   22.3172618175414       0.735779632852200     
   24.8385570607850       0.727993337757831     
   27.6446959266726       0.721232535307276     
   30.7678586565220       0.714751776770151     
   34.2438610581476       0.709188639579176     
   38.1125652344073       0.704219875721751     
   42.4183367138545       0.699105585496467     
   47.2105532257783       0.694992963103119     
   52.5441709541636       0.691808519607924     
   58.4803547642573       0.689331409665042     
   65.0871796290546       0.687339590672086     
   72.4404112995229       0.685808232236008     
   80.6243751711365       0.684672009664651     
   89.7329233107071       0.684008123730793     
   99.8705107331839       0.683657783783907     
   111.153393270950       0.684064031657812     
   123.710960772540       0.684702893714722     
   137.687220919640       0.683165167026876     
   153.242450678484       0.677598677787885     
   170.555034324161       0.672695029255157     
   189.823509115937       0.669641739710135     
   211.268842082979       0.667593595788874     
   235.136964030212       0.666058687242576     
   261.701589823782       0.664803244515836     
   291.267357298598       0.663729327892168     
   324.173320784310       0.662784126080692     
   360.796839312804       0.661930155630534     
   401.557904096374       0.661130221246804     
   446.923954903256       0.660403577938175     
   497.415240563737       0.659726533979681     
   553.610785080067       0.659080926083301     
   616.155027758334       0.658475856341859     
   685.765213510006       0.657906049513861     
   763.239618073639       0.657379136171170     
   849.466702481980       0.656885327868115     
   945.435301756029       0.656420933080077     
   1052.24596466802       0.655816667486913     
   1171.12357461543       0.654995029605677     
   1303.43139633966       0.654491827466166     
   1450.68670957448       0.654090155621556     
   1614.57820890761       0.653756465793589     
   1796.98536939376       0.653450001473304     
   2000.00000000000       0.653141537635409     
 
 # 7. Radiation pressure efficiency factor Qpr
  5.000000000000000E-002  0.682100777197063     
  5.564875580135440E-002  0.697055636315324     
  6.193568044477550E-002  0.821118186415793     
  6.893287112924060E-002  0.937106755884204     
  7.672057024314689E-002  0.948192373187067     
  8.538808556803081E-002  0.953811623457439     
  9.503481444241001E-002  0.959433505917313     
  0.105771383630654       0.964370706121440     
  0.117720917968673       0.963865033973579     
  0.131020452334999       0.963956885033411     
  0.145822503139467       0.962946053200774     
  0.162296817351009       0.959197280897795     
  0.180632319122066       0.953665101557269     
  0.201039276333123       0.957355393169597     
  0.223751711902859       0.962442394571942     
  0.249030087516345       0.965703914614613     
  0.277164290547740       0.967317895000386     
  0.308476958430936       0.967320210585917     
  0.343327178601354       0.967005897110792     
  0.382114606439095       0.966917134864538     
  0.425284048437196       0.967050329050025     
  0.473330563153858       0.967141219369263     
  0.526805138445332       0.967208480007016     
  0.586321010084860       0.967363957662640     
  0.652560694228316       0.967597574492800     
  0.726283814373477       0.967917130259360     
  0.808335812570917       0.968287710991494     
  0.899657644784966       0.968686290980356     
   1.00129657158920       0.969083974700086     
   1.11441816794202       0.969469665904093     
   1.24031968976797       0.969823231350276     
   1.38044495063018       0.970189144776439     
   1.53640087909664       0.970527285662247     
   1.70997594667670       0.970873989404350     
   1.90316067765603       0.971216389575855     
   2.11817047603241       0.971548094576622     
   2.35747103132732       0.971872696787972     
   2.62380659462202       0.972195516635084     
   2.92023144908208       0.972512566539053     
   3.25014493586808       0.972813087045477     
   3.61733043710263       0.973104152857607     
   4.02599876294262       0.973377687701767     
   4.48083644031097       0.973646529021956     
   4.98705945705351       0.973911793750670     
   5.55047307784811       0.974222517731514     
   6.17753841782323       0.974623514243160     
   6.87544653733861       0.975402577023668     
   7.65220090763248       0.978404407260851     
   8.51670919303484       0.967303518019266     
   9.47888540228692       0.966679715304010     
   10.5497635804178       0.974340462496278     
   11.7416243449738       0.978027995018622     
   13.0681357176937       0.978494640185056     
   14.5445098666579       0.975968200953184     
   16.1876775564007       0.974163567570082     
   18.0164823065441       0.974776465685304     
   20.0518964855259       0.978313019048624     
   22.3172618175414       0.980681786874841     
   24.8385570607850       0.982351836207008     
   27.6446959266726       0.983722017924576     
   30.7678586565220       0.985092060339523     
   34.2438610581476       0.986371012237405     
   38.1125652344073       0.987612901184046     
   42.4183367138545       0.989001454183997     
   47.2105532257783       0.990279197911259     
   52.5441709541636       0.991495222692756     
   58.4803547642573       0.992597252930495     
   65.0871796290546       0.993587183595044     
   72.4404112995229       0.994468124871180     
   80.6243751711365       0.995282655261301     
   89.7329233107071       0.996068012703041     
   99.8705107331839       0.996805909552868     
   111.153393270950       0.997608069682782     
   123.710960772540       0.998371971319064     
   137.687220919640       0.998835208937745     
   153.242450678484       0.998616719939082     
   170.555034324161       0.998080385595390     
   189.823509115937       0.997726655472337     
   211.268842082979       0.997619454991950     
   235.136964030212       0.997686799478622     
   261.701589823782       0.997866991952072     
   291.267357298598       0.998123124830509     
   324.173320784310       0.998429996495017     
   360.796839312804       0.998776928200648     
   401.557904096374       0.999160088829389     
   446.923954903256       0.999564238101080     
   497.415240563737       0.999991174340323     
   553.610785080067        1.00044060904860     
   616.155027758334        1.00090823538761     
   685.765213510006        1.00139461040215     
   763.239618073639        1.00189866533728     
   849.466702481980        1.00242433618872     
   945.435301756029        1.00297653447220     
   1052.24596466802        1.00361845485625     
   1171.12357461543        1.00436821100048     
   1303.43139633966        1.00505611679815     
   1450.68670957448        1.00575270561381     
   1614.57820890761        1.00652241713156     
   1796.98536939376        1.00735910223207     
   2000.00000000000        1.00825763013439     
 
 # 8. Wavelength [micron], theta [degree], F11-F12-F33-F34 
 # not calculated.
